
Corrected P-values by Akaike Weights Averaging (percent,Frequentist):
   raw           k.1           k.2           k.3           beta0        model  weight 
1   99.35 (0.08)  99.47 (0.03)  99.98 (0.01)  99.99 (0.01) -3.12 (0.12) poly.2  42.67 
2   86.30 (0.34)  86.27 (0.12)  98.13 (0.16)  98.10 (0.30) -1.59 (0.03) poly.2  57.40 
3   85.00 (0.36)  84.47 (0.14)  91.01 (0.67)  87.74 (2.76) -1.14 (0.04) poly.3  61.56 
4   31.18 (0.46)  31.36 (0.18)  66.34 (1.32)  74.97 (4.66) -0.07 (0.08) poly.3  45.60 
5   16.52 (0.37)  17.05 (0.14)  63.12 (1.49)  68.55 (4.88)  0.26 (0.06) poly.3  33.69 
6   26.99 (0.44)  27.34 (0.19)  91.92 (0.60)  96.56 (1.39) -0.56 (0.09) sing.3  57.39 
7   38.42 (0.49)  39.25 (0.20)  65.30 (1.47)  49.28 (6.25)  0.04 (0.05) poly.3  98.52 
8   31.85 (0.47)  31.43 (0.18)  93.60 (0.46)  90.99 (2.11) -0.48 (0.04) poly.3  62.98 
9   48.87 (0.50)  49.01 (0.18)  77.49 (0.89)  75.98 (2.25) -0.35 (0.02) poly.2  48.43 
10  11.63 (0.32)  11.56 (0.13)  72.08 (1.64)  91.01 (3.22)  0.07 (0.09) poly.3  82.85 
11  31.77 (0.47)  31.62 (0.19)  91.62 (0.60)  97.58 (0.98) -0.65 (0.08) poly.3  69.56 
12  19.44 (0.40)  18.93 (0.15)  80.41 (1.09)  84.69 (3.26) -0.05 (0.06) sing.3  36.27 
13   7.12 (0.26)   6.90 (0.10)  70.11 (1.91)  87.56 (4.94)  0.25 (0.12) poly.3  57.89 
14  16.25 (0.37)  15.72 (0.15)  80.24 (1.21)  87.35 (3.57) -0.02 (0.07) poly.3  46.24 
15  18.80 (0.39)  19.07 (0.15)  79.75 (1.08)  82.70 (3.10) -0.02 (0.05) poly.2  39.60 
16  12.82 (0.33)  12.60 (0.12)  68.00 (1.46)  70.55 (4.16)  0.32 (0.05) poly.2  48.73 
17   6.19 (0.24)   6.43 (0.09)  83.36 (1.30)  86.64 (3.40)  0.23 (0.07) poly.2  41.22 
18  21.09 (0.41)  20.96 (0.16)  85.41 (0.90)  89.22 (2.57) -0.19 (0.06) poly.3  38.38 
19  47.84 (0.50)  48.00 (0.18)  79.43 (0.88)  80.05 (2.39) -0.39 (0.03) poly.2  55.86 
20 100.00 (0.00) 100.00 (0.00) 100.00 (0.00) 100.00 (0.00)  0.00 (0.00) raw    100.00 
