
Corrected P-values by Akaike Weights Averaging (percent,Frequentist):
   raw           k.1           k.2           k.3           beta0        model  weight 
1   40.07 (0.49)  40.78 (0.18)  68.61 (1.10)  69.13 (3.02) -0.13 (0.03) poly.2  56.82 
2   50.02 (0.50)  49.22 (0.19)  72.39 (1.10)  68.09 (3.60) -0.26 (0.03) poly.3  55.64 
3   51.74 (0.50)  51.96 (0.17)  69.31 (0.97)  69.22 (1.84) -0.28 (0.02) poly.2  57.55 
4   44.02 (0.50)  44.61 (0.19)  77.59 (1.04)  72.22 (3.91) -0.27 (0.04) poly.3  65.92 
5   46.72 (0.50)  47.25 (0.20)  73.59 (1.24)  63.10 (5.44) -0.21 (0.04) poly.3  89.85 
6   50.74 (0.50)  50.39 (0.18)  85.82 (0.69)  86.19 (1.82) -0.55 (0.03) poly.2  56.54 
7   54.60 (0.50)  55.05 (0.19)  90.49 (0.61)  86.36 (2.87) -0.67 (0.04) poly.3  74.45 
8   74.93 (0.43)  75.21 (0.16)  89.64 (0.69)  85.58 (3.02) -0.92 (0.04) poly.3  69.69 
9   17.42 (0.38)  17.67 (0.16)  97.09 (0.29)  98.92 (0.53) -0.62 (0.08) poly.3  52.25 
10  40.40 (0.49)  39.87 (0.19)  81.57 (0.93)  85.68 (2.86) -0.38 (0.06) poly.3  38.42 
11  14.06 (0.35)  13.70 (0.14)  86.49 (1.05)  98.80 (0.62) -0.30 (0.06) poly.3  99.47 
12  53.17 (0.50)  52.63 (0.19)  98.05 (0.16)  98.48 (0.38) -1.10 (0.04) poly.2  36.32 
13  12.70 (0.33)  12.65 (0.13)  90.29 (0.76)  93.08 (1.96) -0.14 (0.07) sing.3  37.95 
14  35.66 (0.48)  35.91 (0.19)  87.42 (0.83)  77.68 (4.79) -0.30 (0.05) poly.3  96.30 
15  31.11 (0.46)  30.98 (0.16)  98.42 (0.12)  98.37 (0.27) -0.82 (0.02) poly.2  56.64 
16  17.30 (0.38)  17.36 (0.16)  89.57 (0.78)  97.18 (1.31) -0.40 (0.10) poly.3  53.22 
17  28.15 (0.45)  27.95 (0.18)  80.65 (1.07)  90.69 (2.90) -0.31 (0.09) poly.3  58.26 
18  39.76 (0.49)  39.14 (0.18)  97.90 (0.17)  98.22 (0.41) -0.90 (0.04) poly.2  46.10 
19  40.76 (0.49)  41.63 (0.18)  79.62 (0.87)  77.61 (2.45) -0.29 (0.03) poly.2  44.43 
20  11.39 (0.32)  11.41 (0.12)  77.56 (1.23)  78.22 (3.31)  0.22 (0.04) poly.2  56.56 
21  15.77 (0.36)  16.56 (0.13)  91.97 (0.53)  91.73 (1.12) -0.21 (0.03) poly.2  56.54 
22  26.57 (0.44)  27.34 (0.16)  96.09 (0.28)  95.54 (0.84) -0.57 (0.03) poly.2  48.60 
23  18.04 (0.38)  18.14 (0.16)  83.87 (1.04)  90.35 (2.94) -0.15 (0.07) poly.3  47.68 
24  49.81 (0.50)  50.05 (0.19)  97.87 (0.16)  98.01 (0.41) -1.02 (0.03) poly.2  54.75 
25  26.52 (0.44)  26.88 (0.16)  80.27 (0.92)  78.12 (2.63) -0.10 (0.03) poly.2  44.49 
26  31.44 (0.46)  31.94 (0.18)  87.10 (0.71)  88.69 (1.97) -0.36 (0.04) poly.2  43.93 
27  31.38 (0.46)  31.60 (0.16)  88.36 (0.58)  88.21 (1.15) -0.36 (0.02) poly.2  57.20 
28  30.52 (0.46)  30.93 (0.17)  88.65 (0.64)  89.67 (1.72) -0.37 (0.04) poly.2  49.67 
29 100.00 (0.00) 100.00 (0.00) 100.00 (0.00) 100.00 (0.00)  0.00 (0.00) raw    100.00 
