
Corrected P-values by Akaike Weights Averaging (percent,Frequentist):
   raw           k.1           k.2           k.3            beta0        model  weight 
1   42.84 (0.49)  42.57 (0.17)  87.60 (0.58)  87.28 ( 1.22) -0.48 (0.02) poly.2  56.00 
2   28.79 (0.45)  28.39 (0.17)  76.56 (1.03)  78.30 ( 2.89) -0.09 (0.04) poly.2  48.95 
3   60.22 (0.49)  60.67 (0.18)  86.44 (0.70)  88.04 ( 1.93) -0.71 (0.04) poly.2  42.74 
4   99.35 (0.08)  99.31 (0.03) 100.00 (0.00) 100.00 ( 0.00) -3.21 (0.07) poly.2  57.61 
5   63.67 (0.48)  64.04 (0.17)  85.95 (0.65)  85.31 ( 1.48) -0.71 (0.02) poly.2  53.36 
6   52.40 (0.50)  51.34 (0.17)  74.79 (0.88)  74.53 ( 1.73) -0.35 (0.02) poly.2  57.08 
7   54.05 (0.50)  54.47 (0.18)  95.53 (0.29)  95.68 ( 0.77) -0.91 (0.03) poly.2  56.56 
8   29.64 (0.46)  29.31 (0.17)  73.77 (1.07)  74.92 ( 2.95) -0.06 (0.04) poly.2  53.72 
9   64.15 (0.48)  64.60 (0.19)  86.26 (0.86)  78.26 ( 4.40) -0.66 (0.04) poly.3  91.03 
10  32.85 (0.47)  33.21 (0.18)  87.93 (0.67)  89.30 ( 1.83) -0.39 (0.04) poly.2  45.62 
11  53.48 (0.50)  53.35 (0.17)  60.24 (1.10)  59.17 ( 2.36) -0.16 (0.02) poly.2  53.13 
12  80.87 (0.39)  80.62 (0.15)  97.92 (0.21)  96.60 ( 1.10) -1.40 (0.04) poly.3  68.94 
13  31.85 (0.47)  30.68 (0.17)  90.07 (0.60)  91.53 ( 1.61) -0.42 (0.04) poly.2  41.40 
14  15.08 (0.36)  15.27 (0.13)  92.10 (0.53)  92.05 ( 1.04) -0.19 (0.03) poly.2  57.57 
15  49.42 (0.50)  49.57 (0.20)  64.44 (1.43)  52.03 ( 5.83) -0.10 (0.04) poly.3  92.98 
16  42.33 (0.49)  42.42 (0.18)  93.40 (0.40)  93.60 ( 1.07) -0.66 (0.03) poly.2  56.73 
17  60.98 (0.49)  60.13 (0.19)  98.69 (0.13)  97.42 ( 0.90) -1.18 (0.04) poly.3  84.07 
18   7.32 (0.26)   7.56 (0.11)  78.19 (1.57)  90.57 ( 3.99)  0.12 (0.12) sing.3  53.55 
19  35.16 (0.48)  34.84 (0.17)  83.10 (0.77)  81.97 ( 1.91) -0.27 (0.02) poly.2  50.31 
20  81.54 (0.39)  81.39 (0.15)  97.55 (0.27)  90.43 ( 2.97) -1.26 (0.05) poly.3 100.00 
21  43.34 (0.50)  43.55 (0.18)  83.49 (0.74)  82.19 ( 1.94) -0.39 (0.02) poly.2  48.44 
22   1.72 (0.13)   1.87 (0.05)  81.46 (2.16)  90.35 ( 4.34)  0.44 (0.13) sing.3  40.01 
23   1.47 (0.12)   1.68 (0.05)  89.67 (1.51)  94.28 ( 2.59)  0.30 (0.12) sing.3  36.24 
24  16.95 (0.38)  16.92 (0.13)  91.43 (0.55)  91.07 ( 1.23) -0.20 (0.03) poly.2  55.61 
25   0.72 (0.08)   0.84 (0.03)  91.13 (1.74)  91.07 ( 4.76)  0.52 (0.10) poly.2  57.44 
26  51.54 (0.50)  51.17 (0.19)  78.74 (1.05)  71.96 ( 4.34) -0.36 (0.04) poly.3  76.29 
27   0.71 (0.08)   0.71 (0.03)  89.23 (2.11)  91.05 ( 4.36)  0.57 (0.12) poly.2  54.06 
28  32.65 (0.47)  32.43 (0.19)  92.48 (0.52)  94.89 ( 1.40) -0.56 (0.06) sing.3  41.10 
29  34.46 (0.48)  34.65 (0.16)  59.00 (1.11)  58.72 ( 2.13)  0.09 (0.02) poly.2  57.20 
30   0.50 (0.07)   0.47 (0.02)  72.98 (4.22)  73.91 (10.59)  0.98 (0.12) poly.2  57.17 
31   1.03 (0.10)   1.17 (0.04)  83.88 (2.37)  96.02 ( 2.74)  0.35 (0.17) poly.3  52.37 
32  53.21 (0.50)  53.33 (0.19)  83.25 (0.84)  79.48 ( 3.09) -0.49 (0.03) poly.3  59.00 
33  27.59 (0.45)  27.36 (0.17)  84.71 (0.81)  86.17 ( 2.22) -0.23 (0.04) poly.2  47.96 
34  25.24 (0.43)  25.33 (0.17)  90.46 (0.65)  93.42 ( 1.77) -0.39 (0.06) sing.3  39.80 
35   0.15 (0.04)   0.14 (0.01)  90.98 (3.64)  87.52 ( 9.90)  0.86 (0.15) poly.2  54.58 
36  35.68 (0.48)  35.54 (0.18)  73.63 (1.07)  75.90 ( 3.15) -0.15 (0.04) poly.2  45.73 
37  35.36 (0.48)  35.22 (0.18)  79.26 (0.97)  81.95 ( 2.88) -0.25 (0.05) poly.2  39.89 
38   0.14 (0.04)   0.15 (0.02)  84.58 (5.81)  19.82 (15.92)  1.47 (0.25) poly.3  87.38 
39   0.46 (0.07)   0.48 (0.03)  89.63 (2.38)  92.80 ( 3.79)  0.58 (0.15) poly.2  47.74 
40  27.06 (0.44)  27.14 (0.16)  55.88 (1.34)  59.13 ( 4.12)  0.20 (0.04) poly.2  42.75 
41   2.08 (0.14)   1.96 (0.06)  90.86 (1.32)  95.21 ( 2.22)  0.23 (0.12) poly.3  36.87 
42  15.31 (0.36)  14.87 (0.12)  89.93 (0.64)  89.98 ( 1.20) -0.12 (0.03) poly.2  57.57 
43   3.05 (0.17)   3.06 (0.07)  86.30 (1.58)  98.90 ( 0.87)  0.01 (0.13) poly.3  79.15 
44  25.47 (0.44)  25.49 (0.16)  59.94 (1.29)  61.40 ( 3.58)  0.19 (0.04) poly.2  53.19 
45 100.00 (0.00) 100.00 (0.00) 100.00 (0.00) 100.00 ( 0.00)  0.00 (0.00) raw    100.00 
