
Corrected P-values by Akaike Weights Averaging (percent,Frequentist):
     raw           k.1           k.2            k.3            beta0        model  weight 
1     96.86 (0.17)  96.88 (0.07) 100.00 ( 0.00) 100.00 ( 0.00) -3.11 (0.05) poly.2  45.59 
2     71.69 (0.45)  72.28 (0.17)  96.82 ( 0.30)  83.12 ( 3.75) -1.00 (0.05) poly.3 100.00 
3     86.29 (0.34)  86.08 (0.13)  99.99 ( 0.00)  99.99 ( 0.00) -2.36 (0.04) poly.2  54.89 
4     66.73 (0.47)  67.47 (0.17)  99.80 ( 0.02)  99.82 ( 0.05) -1.68 (0.03) poly.2  52.85 
5     58.87 (0.49)  59.21 (0.19)  99.82 ( 0.02)  99.90 ( 0.04) -1.63 (0.05) poly.3  42.56 
6     98.78 (0.11)  98.87 (0.04) 100.00 ( 0.00) 100.00 ( 0.00) -3.25 (0.08) poly.2  57.56 
7     61.62 (0.49)  60.91 (0.19)  93.72 ( 0.49)  62.82 ( 5.48) -0.60 (0.04) poly.3 100.00 
8     64.44 (0.48)  64.79 (0.19)  98.88 ( 0.12)  95.34 ( 1.44) -1.18 (0.05) poly.3 100.00 
9     85.87 (0.35)  85.76 (0.13)  99.99 ( 0.00)  99.99 ( 0.00) -2.40 (0.04) poly.2  43.70 
10    92.21 (0.27)  92.06 (0.10)  99.93 ( 0.01)  99.92 ( 0.03) -2.29 (0.03) poly.2  52.74 
11    84.56 (0.36)  84.64 (0.13)  99.91 ( 0.01)  99.91 ( 0.03) -2.07 (0.04) poly.2  55.63 
12    85.85 (0.35)  86.06 (0.13)  99.89 ( 0.01)  99.85 ( 0.06) -2.06 (0.03) poly.3  43.91 
13    63.57 (0.48)  63.33 (0.18)  97.28 ( 0.24)  95.41 ( 1.28) -1.08 (0.04) poly.3  83.22 
14    83.31 (0.37)  83.07 (0.14)  99.21 ( 0.07)  99.10 ( 0.20) -1.68 (0.03) poly.2  49.42 
15    55.92 (0.50)  55.45 (0.18)  99.47 ( 0.04)  99.43 ( 0.11) -1.34 (0.02) poly.2  53.28 
16    32.11 (0.47)  32.01 (0.16)  92.69 ( 0.43)  92.06 ( 1.08) -0.48 (0.02) poly.2  49.94 
17    65.45 (0.48)  65.58 (0.18)  98.02 ( 0.16)  98.35 ( 0.37) -1.26 (0.04) poly.2  41.13 
18    36.36 (0.48)  36.35 (0.17)  77.17 ( 0.94)  77.97 ( 2.44) -0.21 (0.03) poly.2  54.70 
19    87.69 (0.33)  87.73 (0.12)  99.94 ( 0.01)  99.95 ( 0.02) -2.23 (0.04) poly.2  45.50 
20    53.75 (0.50)  53.83 (0.20)  97.06 ( 0.26)  90.96 ( 2.38) -0.86 (0.04) poly.3 100.00 
21    98.84 (0.11)  98.92 (0.04) 100.00 ( 0.00) 100.00 ( 0.00) -3.17 (0.09) poly.2  50.31 
22    73.05 (0.44)  72.86 (0.16)  98.74 ( 0.11)  98.79 ( 0.25) -1.43 (0.03) poly.2  56.67 
23    35.20 (0.48)  35.21 (0.19)  86.50 ( 0.86)  76.30 ( 4.59) -0.27 (0.04) poly.3  98.60 
24    62.06 (0.49)  62.26 (0.19)  99.94 ( 0.01)  99.98 ( 0.01) -1.87 (0.06) poly.3  52.01 
25    76.88 (0.42)  76.95 (0.15)  99.74 ( 0.03)  99.75 ( 0.06) -1.77 (0.03) poly.2  56.88 
26    19.30 (0.39)  19.17 (0.14)  91.90 ( 0.56)  90.18 ( 1.87) -0.24 (0.03) poly.3  45.44 
27    75.71 (0.43)  75.39 (0.17)  99.34 ( 0.08)  98.31 ( 0.64) -1.49 (0.05) poly.3  97.08 
28    75.95 (0.43)  75.29 (0.16)  99.82 ( 0.02)  99.87 ( 0.04) -1.83 (0.04) poly.3  35.20 
29    84.32 (0.36)  84.44 (0.14)  99.98 ( 0.00)  99.99 ( 0.01) -2.31 (0.05) poly.2  37.43 
30    40.79 (0.49)  40.27 (0.19)  96.57 ( 0.28)  97.89 ( 0.65) -0.86 (0.05) poly.3  48.92 
31    19.45 (0.40)  19.35 (0.14)  88.85 ( 0.62)  88.85 ( 1.14) -0.18 (0.02) poly.2  57.61 
32    33.20 (0.47)  33.12 (0.19)  97.90 ( 0.21)  92.39 ( 2.31) -0.65 (0.05) poly.3 100.00 
33    56.83 (0.50)  56.49 (0.18)  97.53 ( 0.19)  96.92 ( 0.66) -1.04 (0.03) poly.3  48.14 
34    51.69 (0.50)  51.54 (0.20)  98.37 ( 0.16)  93.75 ( 1.83) -0.94 (0.04) poly.3 100.00 
35    82.78 (0.38)  83.36 (0.14)  99.85 ( 0.02)  99.86 ( 0.04) -1.97 (0.04) poly.2  53.25 
36    56.69 (0.50)  56.63 (0.18)  99.70 ( 0.03)  99.72 ( 0.07) -1.46 (0.03) poly.2  56.24 
37    30.04 (0.46)  30.32 (0.19)  90.83 ( 0.67)  70.55 ( 5.47) -0.21 (0.05) poly.3 100.00 
38    50.41 (0.50)  50.24 (0.20)  83.49 ( 0.96)  47.86 ( 5.71) -0.23 (0.04) poly.3 100.00 
39    40.38 (0.49)  41.22 (0.17)  95.45 ( 0.28)  95.08 ( 0.69) -0.73 (0.02) poly.2  51.21 
40    78.64 (0.41)  78.88 (0.16)  99.77 ( 0.03)  99.94 ( 0.04) -1.95 (0.07) poly.3  55.43 
41    60.76 (0.49)  60.71 (0.18)  99.55 ( 0.04)  99.41 ( 0.16) -1.42 (0.03) poly.3  44.52 
42    25.32 (0.43)  26.11 (0.18)  96.51 ( 0.31)  99.37 ( 0.30) -0.81 (0.07) poly.3  72.62 
43    34.18 (0.47)  34.87 (0.19)  96.45 ( 0.30)  99.39 ( 0.27) -0.92 (0.06) poly.3  83.78 
44    27.74 (0.45)  27.96 (0.18)  85.26 ( 0.95)  67.08 ( 5.73) -0.08 (0.05) poly.3 100.00 
45    37.99 (0.49)  38.40 (0.19)  96.52 ( 0.29)  98.11 ( 0.65) -0.85 (0.06) poly.3  50.99 
46    67.23 (0.47)  67.04 (0.17)  99.16 ( 0.08)  98.87 ( 0.31) -1.39 (0.03) poly.3  51.15 
47    42.03 (0.49)  42.42 (0.20)  98.97 ( 0.11)  96.37 ( 1.23) -0.93 (0.05) poly.3  99.95 
48    62.23 (0.48)  62.18 (0.19)  99.64 ( 0.04)  99.05 ( 0.38) -1.42 (0.04) poly.3  96.21 
49    57.46 (0.49)  57.75 (0.18)  99.88 ( 0.01)  99.87 ( 0.03) -1.61 (0.02) poly.2  53.72 
50    39.76 (0.49)  39.34 (0.20)  94.25 ( 0.46)  78.25 ( 4.46) -0.45 (0.05) poly.3 100.00 
51    60.49 (0.49)  60.08 (0.17)  99.46 ( 0.04)  99.44 ( 0.09) -1.40 (0.02) poly.2  55.89 
52    62.28 (0.48)  62.18 (0.18)  99.77 ( 0.02)  99.64 ( 0.13) -1.54 (0.03) poly.3  59.36 
53    44.84 (0.50)  44.99 (0.20)  99.23 ( 0.08)  99.70 ( 0.14) -1.26 (0.06) sing.3  48.87 
54    46.25 (0.50)  47.45 (0.18)  51.27 ( 1.29)  56.10 ( 3.70) -0.01 (0.03) poly.3  59.13 
55    35.40 (0.48)  35.19 (0.18)  99.30 ( 0.06)  99.35 ( 0.15) -1.05 (0.03) poly.2  54.94 
56    27.37 (0.45)  26.99 (0.18)  97.63 ( 0.23)  99.71 ( 0.15) -0.91 (0.06) poly.3  86.76 
57    75.21 (0.43)  75.41 (0.15)  99.52 ( 0.04)  99.52 ( 0.08) -1.64 (0.02) poly.2  57.44 
58    59.59 (0.49)  59.19 (0.19)  99.41 ( 0.06)  99.00 ( 0.34) -1.33 (0.04) poly.3  71.41 
59    46.84 (0.50)  46.18 (0.20)  82.89 ( 0.98)  55.63 ( 5.69) -0.22 (0.04) poly.3 100.00 
60    68.16 (0.47)  68.51 (0.18)  97.67 ( 0.23)  93.16 ( 1.94) -1.11 (0.05) poly.3  99.99 
61    66.84 (0.47)  67.01 (0.18)  94.43 ( 0.45)  84.50 ( 3.47) -0.87 (0.04) poly.3 100.00 
62    66.01 (0.47)  66.08 (0.17)  99.69 ( 0.03)  99.68 ( 0.05) -1.57 (0.02) poly.2  56.91 
63    36.13 (0.48)  35.44 (0.19)  96.99 ( 0.27)  94.03 ( 1.78) -0.67 (0.04) poly.3  92.26 
64     7.54 (0.26)   7.62 (0.11)  92.68 ( 0.74)  99.35 ( 0.41) -0.38 (0.11) poly.3  67.97 
65    55.19 (0.50)  55.25 (0.20)  98.18 ( 0.18)  93.46 ( 1.87) -0.97 (0.04) poly.3 100.00 
66    30.44 (0.46)  30.32 (0.18)  88.94 ( 0.77)  74.16 ( 5.06) -0.21 (0.05) poly.3 100.00 
67    61.67 (0.49)  61.85 (0.19)  85.61 ( 0.89)  54.86 ( 5.67) -0.45 (0.04) poly.3 100.00 
68    39.09 (0.49)  38.58 (0.19)  92.66 ( 0.55)  77.34 ( 4.54) -0.41 (0.05) poly.3 100.00 
69    41.12 (0.49)  41.32 (0.20)  99.50 ( 0.06)  99.91 ( 0.05) -1.36 (0.07) poly.3  56.24 
70    41.29 (0.49)  40.56 (0.17)  91.31 ( 0.45)  90.94 ( 0.97) -0.56 (0.02) poly.2  54.22 
71    46.88 (0.50)  46.79 (0.20)  98.00 ( 0.19)  99.77 ( 0.10) -1.21 (0.06) poly.3  91.43 
72    51.59 (0.50)  51.38 (0.20)  95.12 ( 0.39)  81.29 ( 3.92) -0.65 (0.04) poly.3 100.00 
73    52.77 (0.50)  52.93 (0.19)  98.49 ( 0.13)  98.87 ( 0.30) -1.16 (0.04) sing.3  34.79 
74    46.32 (0.50)  46.05 (0.17)  97.56 ( 0.16)  97.56 ( 0.29) -0.94 (0.02) poly.2  57.61 
75    43.80 (0.50)  43.84 (0.17)  90.24 ( 0.49)  89.90 ( 1.01) -0.57 (0.02) poly.2  54.81 
76    16.67 (0.37)  16.37 (0.14)  96.60 ( 0.30)  97.00 ( 0.70) -0.44 (0.04) poly.2  50.36 
77    41.50 (0.49)  40.87 (0.20)  96.27 ( 0.32)  88.29 ( 2.97) -0.63 (0.05) poly.3 100.00 
78    36.73 (0.48)  36.34 (0.17)  99.06 ( 0.08)  99.00 ( 0.18) -1.00 (0.02) poly.2  54.66 
79    20.37 (0.40)  20.48 (0.15)  93.48 ( 0.49)  94.85 ( 1.19) -0.38 (0.05) poly.3  37.38 
80    36.32 (0.48)  36.00 (0.20)  99.28 ( 0.08)  98.04 ( 0.76) -0.95 (0.05) poly.3  96.57 
81    53.41 (0.50)  53.26 (0.19)  98.87 ( 0.10)  99.20 ( 0.23) -1.23 (0.04) poly.3  39.67 
82    19.02 (0.39)  18.54 (0.16)  96.42 ( 0.36)  85.75 ( 4.27) -0.27 (0.06) poly.3 100.00 
83    49.47 (0.50)  49.66 (0.20)  99.64 ( 0.04)  98.94 ( 0.42) -1.25 (0.05) poly.3  97.84 
84    51.27 (0.50)  51.44 (0.20)  78.28 ( 1.13)  59.12 ( 5.51) -0.27 (0.04) poly.3 100.00 
85    55.22 (0.50)  55.36 (0.18)  99.69 ( 0.03)  99.68 ( 0.05) -1.43 (0.02) poly.2  56.82 
86    58.19 (0.49)  57.42 (0.19)  99.66 ( 0.03)  99.74 ( 0.07) -1.48 (0.04) poly.2  36.72 
87    79.14 (0.41)  79.43 (0.15)  92.84 ( 0.60)  64.16 ( 5.76) -0.87 (0.05) poly.3 100.00 
88    59.49 (0.49)  59.38 (0.18)  98.77 ( 0.10)  98.58 ( 0.29) -1.23 (0.02) poly.2  46.88 
89    29.82 (0.46)  29.71 (0.19)  97.57 ( 0.23)  99.19 ( 0.37) -0.86 (0.06) poly.3  60.48 
90    62.02 (0.49)  61.96 (0.19)  99.58 ( 0.05)  99.06 ( 0.36) -1.40 (0.04) poly.3  90.32 
91    24.25 (0.43)  23.80 (0.17)  87.53 ( 0.88)  70.46 ( 5.73) -0.07 (0.05) poly.3 100.00 
92    29.94 (0.46)  29.65 (0.18)  89.14 ( 0.77)  59.38 ( 6.19) -0.10 (0.05) poly.3 100.00 
93    81.27 (0.39)  81.36 (0.15)  99.88 ( 0.02)  99.99 ( 0.01) -2.17 (0.08) poly.3  68.83 
94    24.31 (0.43)  23.68 (0.18)  98.45 ( 0.17)  95.64 ( 1.63) -0.61 (0.05) poly.3  97.35 
95     7.33 (0.26)   7.47 (0.11)  88.85 ( 1.10)  69.87 ( 8.49)  0.29 (0.07) poly.3  99.22 
96    54.68 (0.50)  54.20 (0.20)  98.68 ( 0.13)  96.69 ( 1.08) -1.07 (0.04) poly.3  98.76 
97    31.49 (0.46)  31.13 (0.18)  91.99 ( 0.54)  88.82 ( 2.38) -0.41 (0.04) poly.3  69.33 
98    29.99 (0.46)  29.85 (0.18)  93.23 ( 0.54)  79.61 ( 4.54) -0.32 (0.05) poly.3 100.00 
99    58.54 (0.49)  58.41 (0.19)  99.57 ( 0.05)  99.22 ( 0.29) -1.37 (0.04) poly.3  75.68 
100   76.66 (0.42)  76.41 (0.16)  99.99 ( 0.00)  99.99 ( 0.00) -2.27 (0.03) poly.3  43.13 
101   15.65 (0.36)  16.11 (0.16)  99.25 ( 0.10)  85.61 ( 5.06) -0.38 (0.06) poly.3 100.00 
102   41.11 (0.49)  41.39 (0.20)  99.21 ( 0.09)  97.86 ( 0.79) -1.00 (0.05) poly.3  97.69 
103   43.85 (0.50)  43.92 (0.20)  97.64 ( 0.22)  92.69 ( 2.09) -0.78 (0.05) poly.3  99.99 
104   42.52 (0.49)  42.93 (0.20)  96.08 ( 0.33)  86.89 ( 3.19) -0.63 (0.05) poly.3 100.00 
105   20.91 (0.41)  20.62 (0.16)  89.38 ( 0.80)  79.06 ( 4.92) -0.10 (0.05) poly.3  98.04 
106   30.79 (0.46)  30.67 (0.16)  84.05 ( 0.70)  84.03 ( 1.28) -0.25 (0.02) poly.2  57.61 
107   42.69 (0.49)  42.31 (0.17)  99.39 ( 0.05)  99.39 ( 0.09) -1.16 (0.02) poly.2  57.56 
108   44.24 (0.50)  43.47 (0.20)  98.84 ( 0.12)  95.45 ( 1.47) -0.91 (0.05) poly.3 100.00 
109   42.52 (0.49)  42.86 (0.18)  91.76 ( 0.47)  92.11 ( 1.18) -0.61 (0.03) poly.2  55.20 
110   46.80 (0.50)  47.45 (0.19)  98.66 ( 0.12)  99.03 ( 0.27) -1.12 (0.04) poly.3  38.03 
111   11.30 (0.32)  11.45 (0.14)  99.86 ( 0.02) 100.00 ( 0.00) -1.20 (0.07) poly.3  94.58 
112   60.73 (0.49)  61.01 (0.19)  99.56 ( 0.05)  98.62 ( 0.53) -1.35 (0.05) poly.3  99.46 
113   41.08 (0.49)  41.36 (0.19)  93.25 ( 0.51)  87.33 ( 3.03) -0.55 (0.04) poly.3  97.10 
114   73.24 (0.44)  73.46 (0.16)  99.92 ( 0.01)  99.93 ( 0.02) -1.90 (0.04) poly.2  49.98 
115   46.07 (0.50)  46.08 (0.18)  98.33 ( 0.12)  98.24 ( 0.27) -1.01 (0.02) poly.2  54.44 
116   26.11 (0.44)  25.77 (0.17)  99.56 ( 0.05)  99.29 ( 0.28) -0.95 (0.04) poly.3  56.49 
117   25.00 (0.43)  25.08 (0.18)  93.58 ( 0.53)  83.48 ( 4.16) -0.29 (0.05) poly.3  99.92 
118   25.78 (0.44)  26.13 (0.16)  95.74 ( 0.31)  95.96 ( 0.76) -0.55 (0.03) poly.2  55.43 
119   77.69 (0.42)  77.90 (0.15)  99.89 ( 0.01)  99.88 ( 0.03) -1.91 (0.02) poly.2  54.02 
120   18.97 (0.39)  18.61 (0.16)  96.76 ( 0.33)  81.71 ( 5.09) -0.24 (0.06) poly.3 100.00 
121   49.11 (0.50)  49.34 (0.20)  95.58 ( 0.35)  98.75 ( 0.49) -1.04 (0.08) poly.3  63.06 
122    8.10 (0.27)   8.12 (0.11)  86.27 ( 1.21)  99.12 ( 0.50) -0.17 (0.06) poly.3  99.94 
123    9.67 (0.30)   9.87 (0.13)  99.69 ( 0.05) 100.00 ( 0.00) -1.19 (0.06) poly.3  99.98 
124   61.22 (0.49)  61.51 (0.19)  98.72 ( 0.13)  99.47 ( 0.23) -1.37 (0.06) poly.3  51.61 
125   14.52 (0.35)  14.46 (0.14)  95.51 ( 0.45)  99.78 ( 0.13) -0.61 (0.06) poly.3  98.34 
126   18.32 (0.39)  18.49 (0.16)  99.18 ( 0.10)  97.62 ( 1.08) -0.65 (0.05) poly.3  91.11 
127   57.34 (0.49)  57.05 (0.18)  99.61 ( 0.03)  99.57 ( 0.09) -1.41 (0.02) poly.2  51.67 
128   28.57 (0.45)  28.26 (0.18)  89.73 ( 0.73)  97.57 ( 0.88) -0.53 (0.05) poly.3  95.99 
129   55.00 (0.50)  54.89 (0.18)  92.61 ( 0.42)  91.82 ( 1.12) -0.77 (0.02) poly.2  46.56 
130   24.82 (0.43)  25.04 (0.17)  96.55 ( 0.28)  97.40 ( 0.68) -0.62 (0.05) sing.3  35.82 
131   30.13 (0.46)  30.38 (0.16)  97.40 ( 0.19)  97.27 ( 0.41) -0.71 (0.02) poly.2  55.27 
132   44.75 (0.50)  44.49 (0.20)  93.05 ( 0.52)  82.12 ( 3.84) -0.53 (0.04) poly.3 100.00 
133   63.34 (0.48)  63.34 (0.17)  98.17 ( 0.13)  98.04 ( 0.30) -1.21 (0.02) poly.2  53.05 
134   11.05 (0.31)  10.85 (0.12)  97.84 ( 0.24)  96.49 ( 1.32) -0.35 (0.04) poly.3  54.86 
135   28.54 (0.45)  28.38 (0.18)  99.49 ( 0.06)  99.99 ( 0.01) -1.34 (0.07) poly.3  84.43 
136   44.86 (0.50)  45.08 (0.20)  86.75 ( 0.83)  74.24 ( 4.66) -0.38 (0.04) poly.3  99.93 
137   91.84 (0.27)  92.04 (0.10)  98.79 ( 0.18)  86.99 ( 3.99) -1.55 (0.06) poly.3 100.00 
138   27.07 (0.44)  27.05 (0.18)  95.61 ( 0.38)  99.49 ( 0.24) -0.80 (0.06) poly.3  89.93 
139   17.69 (0.38)  17.64 (0.15)  95.21 ( 0.44)  90.31 ( 3.03) -0.28 (0.05) poly.3  89.39 
140   35.43 (0.48)  35.33 (0.20)  99.89 ( 0.01)  99.96 ( 0.02) -1.43 (0.06) poly.3  53.60 
141   37.07 (0.48)  36.49 (0.19)  96.21 ( 0.31)  98.01 ( 0.70) -0.81 (0.06) sing.3  47.84 
142   41.36 (0.49)  41.23 (0.18)  92.87 ( 0.47)  90.62 ( 1.86) -0.59 (0.03) poly.3  62.55 
143   45.41 (0.50)  45.48 (0.20)  99.66 ( 0.04)  99.85 ( 0.06) -1.38 (0.05) poly.3  54.76 
144   26.84 (0.44)  26.90 (0.16)  94.71 ( 0.37)  93.55 ( 1.27) -0.48 (0.03) poly.3  45.42 
145    5.39 (0.23)   5.04 (0.08)  90.27 ( 0.96)  91.85 ( 2.22)  0.14 (0.06) poly.2  47.52 
146   33.48 (0.47)  33.51 (0.17)  93.98 ( 0.37)  93.46 ( 0.92) -0.55 (0.02) poly.2  50.27 
147   12.88 (0.33)  12.66 (0.13)  95.50 ( 0.43)  92.77 ( 2.27) -0.22 (0.05) poly.3  64.21 
148   10.60 (0.31)  10.89 (0.13)  99.67 ( 0.05)  99.11 ( 0.54) -0.67 (0.05) poly.3  67.83 
149   16.98 (0.38)  17.42 (0.15)  79.40 ( 1.14)  93.00 ( 2.34) -0.25 (0.14) sing.3  60.95 
150   16.55 (0.37)  16.57 (0.15)  84.71 ( 1.05)  96.58 ( 1.30) -0.26 (0.07) poly.3  89.45 
151   10.62 (0.31)  10.13 (0.12)  97.25 ( 0.32)  94.42 ( 2.25) -0.25 (0.05) poly.3  72.06 
152   36.73 (0.48)  36.21 (0.19)  91.43 ( 0.62)  79.73 ( 4.28) -0.37 (0.05) poly.3  99.99 
153   43.68 (0.50)  43.29 (0.20)  96.23 ( 0.32)  85.08 ( 3.49) -0.62 (0.05) poly.3 100.00 
154   55.22 (0.50)  55.01 (0.17)  97.31 ( 0.18)  97.22 ( 0.36) -1.02 (0.02) poly.2  56.01 
155   23.13 (0.42)  23.77 (0.16)  91.12 ( 0.55)  91.51 ( 1.39) -0.32 (0.03) poly.2  55.60 
156   29.88 (0.46)  29.83 (0.17)  99.11 ( 0.08)  99.25 ( 0.19) -0.94 (0.04) poly.2  46.26 
157    9.10 (0.29)   8.90 (0.12)  84.70 ( 1.23)  92.89 ( 2.79)  0.02 (0.08) poly.3  63.75 
158    9.29 (0.29)   8.98 (0.11)  97.88 ( 0.24)  98.04 ( 0.59) -0.35 (0.05) poly.2  55.93 
159   35.49 (0.48)  35.81 (0.17)  98.99 ( 0.09)  98.73 ( 0.32) -0.96 (0.03) poly.2  42.26 
160   51.27 (0.50)  50.76 (0.19)  98.41 ( 0.15)  96.99 ( 0.95) -1.02 (0.04) poly.3  87.31 
161   43.26 (0.50)  43.52 (0.17)  90.12 ( 0.50)  89.67 ( 1.08) -0.56 (0.02) poly.2  53.49 
162   21.14 (0.41)  20.71 (0.15)  78.00 ( 1.15)  72.21 ( 4.22)  0.07 (0.04) poly.3  67.09 
163   63.56 (0.48)  62.92 (0.19)  98.88 ( 0.12)  96.41 ( 1.16) -1.19 (0.04) poly.3  99.96 
164   31.63 (0.47)  31.79 (0.18)  91.33 ( 0.55)  92.91 ( 1.43) -0.48 (0.04) poly.2  34.95 
165    3.39 (0.18)   3.30 (0.07)  94.20 ( 0.79)  90.28 ( 4.09)  0.19 (0.06) poly.3  49.75 
166   39.96 (0.49)  40.13 (0.18)  94.88 ( 0.34)  95.48 ( 0.84) -0.71 (0.04) poly.2  46.54 
167   60.27 (0.49)  60.17 (0.19)  87.83 ( 0.79)  64.31 ( 5.33) -0.51 (0.04) poly.3 100.00 
168   65.71 (0.47)  66.21 (0.17)  98.79 ( 0.10)  98.96 ( 0.23) -1.36 (0.04) poly.2  45.79 
169   86.81 (0.34)  86.52 (0.13)  97.93 ( 0.20)  97.14 ( 0.80) -1.54 (0.04) poly.3  54.51 
170   11.65 (0.32)  12.22 (0.14)  99.47 ( 0.07)  99.97 ( 0.02) -1.00 (0.09) poly.3  61.72 
171   42.28 (0.49)  41.83 (0.20)  92.88 ( 0.53)  79.99 ( 4.16) -0.47 (0.04) poly.3 100.00 
172   22.94 (0.42)  22.61 (0.16)  98.15 ( 0.17)  97.45 ( 0.73) -0.64 (0.03) poly.3  50.02 
173    5.70 (0.23)   5.67 (0.10)  94.43 ( 0.69)  85.83 ( 5.83)  0.12 (0.07) poly.3  84.91 
174   30.14 (0.46)  30.18 (0.19)  94.13 ( 0.48)  86.96 ( 3.36) -0.41 (0.05) poly.3  99.23 
175   23.85 (0.43)  24.01 (0.17)  89.51 ( 0.74)  94.53 ( 1.81) -0.39 (0.07) poly.3  55.69 
176   34.78 (0.48)  35.43 (0.19)  93.78 ( 0.44)  95.50 ( 1.13) -0.64 (0.05) sing.3  41.53 
177   15.91 (0.37)  16.15 (0.13)  99.39 ( 0.07)  99.35 ( 0.15) -0.75 (0.03) poly.2  56.17 
178   83.08 (0.37)  83.29 (0.14)  99.82 ( 0.03)  99.44 ( 0.26) -1.85 (0.05) poly.3  97.22 
179    9.70 (0.30)   9.57 (0.11)  98.92 ( 0.13)  98.58 ( 0.51) -0.47 (0.04) poly.2  47.66 
180   38.79 (0.49)  38.72 (0.20)  96.02 ( 0.34)  89.05 ( 2.86) -0.60 (0.05) poly.3  99.98 
181   28.06 (0.45)  28.16 (0.18)  90.77 ( 0.66)  96.83 ( 1.15) -0.54 (0.06) poly.3  76.23 
182   21.91 (0.41)  21.86 (0.16)  92.35 ( 0.54)  93.87 ( 1.36) -0.36 (0.05) poly.2  35.14 
183   76.43 (0.42)  76.68 (0.16)  99.82 ( 0.02)  99.64 ( 0.16) -1.77 (0.04) poly.3  78.53 
184    4.79 (0.21)   4.75 (0.08)  83.44 ( 1.36)  84.24 ( 3.40)  0.34 (0.05) poly.2  56.16 
185   33.14 (0.47)  33.18 (0.19)  94.47 ( 0.45)  80.79 ( 4.30) -0.40 (0.05) poly.3 100.00 
186   22.98 (0.42)  23.57 (0.16)  98.98 ( 0.10)  99.11 ( 0.23) -0.82 (0.04) poly.2  50.91 
187   22.86 (0.42)  23.11 (0.17)  87.45 ( 0.87)  78.89 ( 4.59) -0.12 (0.05) poly.3  92.97 
188   31.03 (0.46)  30.70 (0.18)  85.28 ( 0.88)  78.75 ( 3.97) -0.21 (0.04) poly.3  83.56 
189   10.46 (0.31)  11.20 (0.12)  67.39 ( 1.60)  73.33 ( 4.96)  0.32 (0.07) sing.3  39.44 
190   36.06 (0.48)  35.55 (0.19)  92.83 ( 0.52)  88.64 ( 2.65) -0.49 (0.04) poly.3  84.32 
191   19.37 (0.40)  19.31 (0.15)  82.05 ( 1.10)  73.97 ( 4.90)  0.04 (0.05) poly.3  82.51 
192    5.69 (0.23)   5.80 (0.10)  95.71 ( 0.58)  80.01 ( 8.09)  0.15 (0.08) poly.3  99.45 
193   37.07 (0.48)  37.56 (0.19)  93.75 ( 0.49)  86.86 ( 3.21) -0.51 (0.05) poly.3  99.21 
194   40.49 (0.49)  40.28 (0.20)  95.50 ( 0.36)  99.00 ( 0.40) -0.91 (0.06) poly.3  87.08 
195   70.14 (0.46)  69.91 (0.18)  99.58 ( 0.05)  99.92 ( 0.04) -1.75 (0.07) poly.3  68.63 
196   31.47 (0.46)  31.22 (0.17)  94.17 ( 0.38)  93.20 ( 1.18) -0.52 (0.03) poly.2  42.93 
197   14.82 (0.36)  14.70 (0.15)  99.61 ( 0.05)  99.88 ( 0.07) -0.94 (0.08) poly.3  48.84 
198   60.37 (0.49)  61.30 (0.19)  93.91 ( 0.48)  87.27 ( 3.00) -0.82 (0.04) poly.3  99.59 
199   47.10 (0.50)  46.63 (0.20)  99.14 ( 0.09)  95.10 ( 1.55) -0.97 (0.05) poly.3 100.00 
200   12.82 (0.33)  12.47 (0.13)  99.31 ( 0.09)  98.73 ( 0.59) -0.61 (0.04) poly.3  55.87 
201   48.71 (0.50)  48.36 (0.20)  89.97 ( 0.68)  62.98 ( 5.48) -0.38 (0.04) poly.3 100.00 
202   35.25 (0.48)  35.84 (0.19)  92.75 ( 0.55)  73.96 ( 4.99) -0.34 (0.05) poly.3 100.00 
203   87.88 (0.33)  87.89 (0.12)  99.16 ( 0.12)  96.93 ( 1.20) -1.65 (0.05) poly.3  99.91 
204    7.08 (0.26)   7.03 (0.09)  70.21 ( 1.63)  70.75 ( 4.22)  0.47 (0.05) poly.2  57.15 
205   49.31 (0.50)  48.58 (0.19)  99.74 ( 0.03)  99.59 ( 0.14) -1.35 (0.03) poly.3  56.52 
206   16.97 (0.38)  17.22 (0.14)  97.52 ( 0.22)  97.73 ( 0.54) -0.52 (0.04) poly.2  53.94 
207   12.34 (0.33)  12.34 (0.13)  96.80 ( 0.31)  97.42 ( 0.71) -0.38 (0.05) poly.2  44.03 
208    7.63 (0.27)   7.37 (0.10)  95.69 ( 0.46)  94.34 ( 1.71) -0.11 (0.04) poly.2  44.11 
209   49.12 (0.50)  48.81 (0.19)  99.80 ( 0.02)  99.68 ( 0.12) -1.39 (0.03) poly.3  58.90 
210   77.22 (0.42)  76.79 (0.16)  99.71 ( 0.04)  99.48 ( 0.20) -1.70 (0.04) poly.3  69.97 
211   26.88 (0.44)  27.12 (0.16)  96.44 ( 0.26)  95.99 ( 0.71) -0.59 (0.03) poly.2  48.85 
212   36.27 (0.48)  36.00 (0.17)  98.48 ( 0.12)  98.36 ( 0.28) -0.90 (0.02) poly.2  53.42 
213   31.06 (0.46)  30.88 (0.17)  98.53 ( 0.13)  97.96 ( 0.57) -0.81 (0.03) poly.3  52.48 
214   77.95 (0.41)  78.28 (0.15)  97.79 ( 0.18)  97.37 ( 0.55) -1.38 (0.03) poly.2  43.50 
215    3.49 (0.18)   3.48 (0.08)  98.45 ( 0.29)  90.99 ( 5.91)  0.02 (0.10) poly.3  89.40 
216   14.25 (0.35)  13.84 (0.15)  98.07 ( 0.23)  87.44 ( 4.51) -0.26 (0.06) poly.3 100.00 
217   41.14 (0.49)  40.71 (0.20)  91.63 ( 0.60)  76.76 ( 4.54) -0.41 (0.04) poly.3 100.00 
218   43.90 (0.50)  43.72 (0.20)  91.17 ( 0.62)  76.00 ( 4.56) -0.44 (0.04) poly.3 100.00 
219   14.10 (0.35)  14.01 (0.14)  89.66 ( 0.82)  95.04 ( 1.91) -0.23 (0.08) sing.3  48.24 
220   21.63 (0.41)  22.08 (0.15)  88.75 ( 0.66)  87.12 ( 1.96) -0.20 (0.03) poly.2  43.15 
221   54.65 (0.50)  55.35 (0.17)  99.58 ( 0.04)  99.58 ( 0.06) -1.38 (0.02) poly.2  57.57 
222   26.60 (0.44)  27.06 (0.18)  88.14 ( 0.82)  76.86 ( 4.86) -0.17 (0.05) poly.3  99.35 
223   60.34 (0.49)  60.81 (0.20)  99.95 ( 0.01)  99.99 ( 0.00) -1.96 (0.07) poly.3  55.30 
224   16.85 (0.37)  16.45 (0.13)  92.47 ( 0.53)  91.40 ( 1.52) -0.21 (0.03) poly.2  46.86 
225    9.83 (0.30)   9.73 (0.11)  98.62 ( 0.16)  98.51 ( 0.37) -0.45 (0.03) poly.2  55.72 
226   20.40 (0.40)  20.44 (0.17)  95.28 ( 0.44)  81.54 ( 4.85) -0.23 (0.05) poly.3 100.00 
227    0.88 (0.09)   0.89 (0.04)  93.29 ( 1.45)  84.43 ( 9.56)  0.53 (0.10) poly.3  49.14 
228   32.36 (0.47)  31.66 (0.20)  99.92 ( 0.01)  99.99 ( 0.01) -1.52 (0.07) poly.3  52.27 
229   69.89 (0.46)  69.45 (0.18)  96.32 ( 0.33)  90.07 ( 2.57) -1.02 (0.05) poly.3  99.99 
230   34.65 (0.48)  34.76 (0.20)  99.15 ( 0.09)  99.83 ( 0.09) -1.17 (0.06) poly.3  66.80 
231   34.37 (0.47)  34.45 (0.19)  88.13 ( 0.79)  73.16 ( 5.01) -0.25 (0.05) poly.3 100.00 
232   28.08 (0.45)  28.52 (0.16)  87.26 ( 0.66)  86.13 ( 1.70) -0.27 (0.03) poly.2  47.86 
233   69.72 (0.46)  69.93 (0.18)  91.07 ( 0.66)  77.61 ( 4.38) -0.79 (0.04) poly.3 100.00 
234   19.38 (0.40)  19.30 (0.15)  94.05 ( 0.45)  92.39 ( 1.68) -0.32 (0.03) poly.3  49.44 
235    6.09 (0.24)   6.01 (0.10)  81.23 ( 1.56)  92.62 ( 3.32)  0.15 (0.10) poly.3  61.50 
236    1.42 (0.12)   1.26 (0.04)  96.67 ( 0.70)  96.24 ( 1.77)  0.21 (0.07) poly.2  56.27 
237   10.11 (0.30)  10.43 (0.13)  96.76 ( 0.39)  86.97 ( 4.93) -0.11 (0.07) poly.3  99.66 
238   23.03 (0.42)  23.50 (0.15)  99.37 ( 0.06)  99.37 ( 0.11) -0.89 (0.02) poly.2  57.61 
239    7.11 (0.26)   7.44 (0.10)  93.22 ( 0.65)  94.29 ( 1.52) -0.05 (0.06) poly.2  47.91 
240   37.05 (0.48)  36.96 (0.20)  99.03 ( 0.11)  95.12 ( 1.62) -0.83 (0.05) poly.3 100.00 
241   55.69 (0.50)  55.68 (0.18)  98.96 ( 0.09)  98.74 ( 0.28) -1.21 (0.03) poly.2  43.56 
242    6.68 (0.25)   6.50 (0.12)  99.78 ( 0.04)  91.51 ( 5.42) -0.30 (0.09) poly.3 100.00 
243   41.19 (0.49)  42.37 (0.18)  98.87 ( 0.09)  98.95 ( 0.23) -1.05 (0.03) poly.2  54.83 
244   32.32 (0.47)  32.49 (0.17)  74.17 ( 1.04)  71.35 ( 2.92) -0.08 (0.03) poly.3  46.23 
245    4.47 (0.21)   4.46 (0.09)  97.07 ( 0.42)  99.33 ( 0.45) -0.31 (0.12) sing.3  48.87 
246   27.91 (0.45)  27.13 (0.16)  88.51 ( 0.66)  89.50 ( 1.67) -0.31 (0.04) poly.2  49.18 
247   60.27 (0.49)  59.54 (0.19)  90.14 ( 0.67)  82.88 ( 3.58) -0.68 (0.04) poly.3  97.46 
248   51.29 (0.50)  51.56 (0.19)  99.37 ( 0.07)  98.74 ( 0.45) -1.21 (0.04) poly.3  84.05 
249   12.27 (0.33)  12.22 (0.14)  92.99 ( 0.68)  80.93 ( 5.68) -0.01 (0.06) poly.3  99.28 
250    8.58 (0.28)   8.35 (0.10)  95.18 ( 0.47)  95.37 ( 1.21) -0.15 (0.05) poly.2  57.00 
251   19.37 (0.40)  19.45 (0.16)  99.48 ( 0.07)  98.48 ( 0.73) -0.76 (0.05) poly.3  88.69 
252   79.79 (0.40)  79.41 (0.15)  99.96 ( 0.01)  99.93 ( 0.03) -2.04 (0.03) poly.3  56.15 
253   33.50 (0.47)  33.92 (0.19)  94.13 ( 0.46)  89.75 ( 2.61) -0.50 (0.04) poly.3  90.02 
254   15.60 (0.36)  15.69 (0.13)  87.87 ( 0.72)  87.22 ( 1.60) -0.07 (0.03) poly.2  53.73 
255   48.15 (0.50)  47.88 (0.20)  92.52 ( 0.55)  82.71 ( 3.71) -0.57 (0.04) poly.3  99.98 
256    7.11 (0.26)   7.80 (0.10)  93.54 ( 0.62)  91.24 ( 2.49) -0.01 (0.04) poly.3  46.32 
257   26.09 (0.44)  25.52 (0.18)  97.53 ( 0.23)  98.89 ( 0.46) -0.76 (0.06) poly.3  50.35 
258   12.25 (0.33)  12.13 (0.12)  93.83 ( 0.51)  94.05 ( 1.29) -0.19 (0.04) poly.2  56.83 
259    6.49 (0.25)   6.60 (0.10)  98.92 ( 0.16)  99.39 ( 0.26) -0.47 (0.07) poly.3  40.69 
260   41.06 (0.49)  40.60 (0.20)  93.11 ( 0.52)  79.39 ( 4.26) -0.46 (0.04) poly.3 100.00 
261   47.23 (0.50)  46.83 (0.20)  99.45 ( 0.06)  99.86 ( 0.07) -1.38 (0.06) poly.3  55.52 
262   35.07 (0.48)  34.51 (0.19)  94.31 ( 0.46)  85.48 ( 3.53) -0.46 (0.05) poly.3  99.97 
263   36.54 (0.48)  36.29 (0.20)  99.64 ( 0.04)  98.90 ( 0.47) -1.07 (0.05) poly.3  96.83 
264    7.77 (0.27)   7.61 (0.10)  95.50 ( 0.48)  96.92 ( 1.04) -0.20 (0.07) sing.3  37.16 
265   14.54 (0.35)  15.03 (0.15)  99.09 ( 0.12)  96.34 ( 1.71) -0.52 (0.06) poly.3  97.98 
266   53.35 (0.50)  53.42 (0.20)  97.35 ( 0.24)  89.59 ( 2.65) -0.84 (0.04) poly.3 100.00 
267    6.53 (0.25)   6.94 (0.10)  86.23 ( 1.22)  95.48 ( 2.23) -0.01 (0.10) poly.3  60.14 
268    5.34 (0.22)   5.14 (0.08)  98.56 ( 0.21)  97.93 ( 0.93) -0.25 (0.05) poly.2  46.79 
269   25.30 (0.43)  24.82 (0.16)  98.23 ( 0.15)  97.86 ( 0.50) -0.70 (0.03) poly.2  45.48 
270    4.11 (0.20)   4.15 (0.07)  84.60 ( 1.33)  82.84 ( 3.33)  0.37 (0.04) poly.2  51.48 
271   13.96 (0.35)  13.69 (0.13)  98.58 ( 0.15)  98.81 ( 0.34) -0.57 (0.05) poly.2  48.64 
272   48.32 (0.50)  48.14 (0.19)  92.62 ( 0.52)  88.47 ( 2.58) -0.64 (0.04) poly.3  85.87 
273   28.44 (0.45)  28.09 (0.17)  99.20 ( 0.08)  98.81 ( 0.39) -0.88 (0.03) poly.3  53.99 
274   27.24 (0.45)  28.20 (0.18)  90.49 ( 0.63)  93.07 ( 1.67) -0.42 (0.05) poly.3  39.04 
275   17.88 (0.38)  17.14 (0.16)  93.52 ( 0.59)  72.01 ( 6.44) -0.05 (0.06) poly.3 100.00 
276   36.62 (0.48)  36.84 (0.18)  93.37 ( 0.44)  94.68 ( 1.14) -0.62 (0.04) sing.3  35.38 
277   29.01 (0.45)  28.34 (0.18)  98.91 ( 0.11)  99.50 ( 0.21) -0.96 (0.06) poly.3  48.73 
278    5.67 (0.23)   5.73 (0.10)  98.15 ( 0.27)  99.85 ( 0.13) -0.53 (0.10) poly.3  72.51 
279   62.71 (0.48)  62.33 (0.19)  99.52 ( 0.05)  99.93 ( 0.04) -1.65 (0.07) poly.3  69.05 
280   12.33 (0.33)  12.07 (0.12)  93.63 ( 0.50)  93.07 ( 1.22) -0.17 (0.03) poly.2  52.76 
281   29.99 (0.46)  29.87 (0.16)  93.69 ( 0.41)  92.63 ( 1.27) -0.48 (0.03) poly.2  42.63 
282   46.43 (0.50)  46.74 (0.20)  98.75 ( 0.12)  99.48 ( 0.22) -1.19 (0.06) poly.3  53.28 
283   11.95 (0.32)  11.83 (0.13)  97.11 ( 0.29)  97.84 ( 0.65) -0.40 (0.05) poly.2  38.12 
284    3.10 (0.17)   3.11 (0.07)  97.33 ( 0.45) 100.00 ( 0.00) -0.57 (0.09) poly.3 100.00 
285   57.18 (0.49)  56.96 (0.19)  96.65 ( 0.29)  88.56 ( 2.81) -0.85 (0.04) poly.3 100.00 
286   29.03 (0.45)  28.76 (0.17)  95.71 ( 0.33)  94.09 ( 1.42) -0.54 (0.03) poly.3  59.47 
287   35.87 (0.48)  35.88 (0.17)  79.79 ( 0.82)  78.98 ( 1.77) -0.23 (0.02) poly.2  52.67 
288   62.51 (0.48)  62.64 (0.18)  99.81 ( 0.02)  99.64 ( 0.14) -1.56 (0.04) poly.3  74.48 
289    1.58 (0.12)   1.48 (0.05)  95.71 ( 0.89)  81.09 (11.93)  0.41 (0.11) poly.3  76.91 
290   33.03 (0.47)  34.25 (0.19)  80.82 ( 1.08)  94.83 ( 1.54) -0.42 (0.04) poly.3  99.45 
291   19.34 (0.39)  19.93 (0.16)  93.11 ( 0.57)  87.78 ( 3.31) -0.24 (0.05) poly.3  86.45 
292   49.81 (0.50)  49.74 (0.20)  94.27 ( 0.45)  88.32 ( 2.83) -0.69 (0.04) poly.3  99.05 
293    4.48 (0.21)   4.36 (0.08)  92.08 ( 0.85)  92.58 ( 2.10)  0.14 (0.06) poly.2  56.28 
294    3.26 (0.18)   3.20 (0.09)  99.98 ( 0.01)  97.76 ( 2.76) -0.46 (0.13) poly.3  97.10 
295   16.33 (0.37)  16.55 (0.14)  80.11 ( 1.10)  83.25 ( 3.03)  0.02 (0.05) poly.2  36.17 
296    2.24 (0.15)   2.27 (0.05)  89.45 ( 1.30)  87.56 ( 3.64)  0.40 (0.05) poly.2  51.69 
297   42.04 (0.49)  42.29 (0.18)  80.91 ( 0.82)  79.14 ( 2.19) -0.33 (0.03) poly.2  43.83 
298   31.27 (0.46)  31.28 (0.20)  99.68 ( 0.04)  99.97 ( 0.02) -1.37 (0.08) sing.3  50.84 
299   37.77 (0.48)  37.52 (0.18)  97.68 ( 0.18)  97.85 ( 0.43) -0.85 (0.03) poly.2  53.75 
300   38.15 (0.49)  38.30 (0.17)  94.15 ( 0.33)  94.13 ( 0.61) -0.63 (0.02) poly.2  57.60 
301   13.79 (0.34)  14.42 (0.13)  94.48 ( 0.46)  95.53 ( 1.11) -0.30 (0.05) poly.2  41.71 
302   48.54 (0.50)  48.44 (0.20)  99.61 ( 0.04)  99.94 ( 0.03) -1.49 (0.06) poly.3  69.21 
303   35.09 (0.48)  34.79 (0.19)  90.95 ( 0.65)  80.28 ( 4.23) -0.35 (0.05) poly.3  99.90 
304   16.23 (0.37)  16.04 (0.14)  99.68 ( 0.04)  99.54 ( 0.18) -0.84 (0.04) poly.2  44.49 
305    9.79 (0.30)   9.72 (0.11)  97.23 ( 0.29)  97.58 ( 0.68) -0.33 (0.05) poly.2  52.08 
306    5.77 (0.23)   5.74 (0.10)  93.98 ( 0.76)  76.99 ( 8.57)  0.21 (0.08) poly.3  99.09 
307    9.11 (0.29)   9.10 (0.13)  99.14 ( 0.13)  95.28 ( 2.58) -0.35 (0.07) poly.3  97.76 
308   44.92 (0.50)  44.85 (0.20)  97.02 ( 0.27)  88.51 ( 2.91) -0.71 (0.05) poly.3 100.00 
309   46.97 (0.50)  47.07 (0.20)  94.97 ( 0.40)  84.63 ( 3.48) -0.63 (0.04) poly.3 100.00 
310   33.66 (0.47)  33.63 (0.19)  79.64 ( 1.13)  66.83 ( 5.39) -0.10 (0.04) poly.3  98.88 
311   16.15 (0.37)  15.37 (0.13)  84.22 ( 0.86)  83.27 ( 1.97)  0.02 (0.03) poly.2  52.32 
312    6.51 (0.25)   6.57 (0.10)  82.12 ( 1.57)  60.27 ( 9.45)  0.46 (0.07) poly.3  98.58 
313   61.13 (0.49)  62.00 (0.18)  98.01 ( 0.15)  97.59 ( 0.50) -1.16 (0.03) poly.3  43.13 
314   28.23 (0.45)  27.70 (0.18)  96.70 ( 0.30)  99.67 ( 0.16) -0.87 (0.06) poly.3  93.53 
315   32.67 (0.47)  32.60 (0.18)  96.85 ( 0.26)  94.95 ( 1.41) -0.65 (0.04) poly.3  74.33 
316   10.90 (0.31)  11.30 (0.13)  88.50 ( 1.00)  70.71 ( 7.23)  0.17 (0.06) poly.3  99.78 
317   38.93 (0.49)  38.86 (0.18)  98.74 ( 0.11)  98.44 ( 0.37) -0.96 (0.03) poly.2  42.86 
318   21.43 (0.41)  21.55 (0.17)  97.29 ( 0.28)  90.61 ( 3.04) -0.42 (0.05) poly.3  99.93 
319   24.09 (0.43)  23.73 (0.16)  91.12 ( 0.57)  89.24 ( 1.93) -0.29 (0.03) poly.3  48.07 
320   46.07 (0.50)  47.04 (0.20)  98.76 ( 0.13)  93.73 ( 1.87) -0.91 (0.05) poly.3 100.00 
321    6.81 (0.25)   6.47 (0.09)  95.15 ( 0.53)  93.15 ( 2.26) -0.04 (0.05) poly.3  44.90 
322   16.14 (0.37)  16.26 (0.15)  99.31 ( 0.09)  98.40 ( 0.75) -0.67 (0.05) poly.3  74.86 
323   28.75 (0.45)  29.13 (0.18)  99.18 ( 0.09)  99.55 ( 0.17) -1.00 (0.06) sing.3  42.81 
324   15.63 (0.36)  15.95 (0.15)  98.12 ( 0.21)  95.76 ( 1.69) -0.46 (0.05) poly.3  83.49 
325   28.33 (0.45)  28.58 (0.18)  83.29 ( 1.03)  69.66 ( 5.44) -0.09 (0.05) poly.3  99.60 
326    1.07 (0.10)   0.90 (0.04)  99.48 ( 0.21)  28.23 (26.64)  0.69 (0.20) poly.3  99.96 
327   42.34 (0.49)  42.42 (0.20)  97.30 ( 0.25)  92.75 ( 2.08) -0.75 (0.05) poly.3  99.86 
328   19.55 (0.40)  19.32 (0.17)  98.98 ( 0.12)  96.03 ( 1.67) -0.59 (0.06) poly.3  99.27 
329   17.85 (0.38)  18.01 (0.16)  96.35 ( 0.34)  98.32 ( 0.70) -0.56 (0.07) sing.3  49.40 
330   55.32 (0.50)  54.78 (0.20)  98.69 ( 0.13)  99.52 ( 0.21) -1.29 (0.06) poly.3  54.18 
331   56.48 (0.50)  55.91 (0.19)  94.03 ( 0.46)  82.71 ( 3.69) -0.70 (0.04) poly.3 100.00 
332   35.11 (0.48)  34.34 (0.19)  93.93 ( 0.48)  72.69 ( 5.21) -0.34 (0.05) poly.3 100.00 
333   12.73 (0.33)  12.64 (0.14)  99.03 ( 0.13)  97.39 ( 1.27) -0.51 (0.06) poly.3  81.55 
334   19.75 (0.40)  19.15 (0.14)  99.86 ( 0.02)  99.83 ( 0.06) -1.05 (0.03) poly.2  50.44 
335   14.44 (0.35)  14.81 (0.14)  61.43 ( 1.80)  44.39 ( 6.91)  0.48 (0.05) poly.3  97.59 
336   36.85 (0.48)  36.18 (0.19)  94.15 ( 0.47)  73.68 ( 5.06) -0.37 (0.05) poly.3 100.00 
337   17.07 (0.38)  16.86 (0.15)  88.24 ( 0.87)  80.60 ( 4.58) -0.04 (0.05) poly.3  86.22 
338   18.16 (0.39)  18.43 (0.15)  94.31 ( 0.45)  92.03 ( 1.99) -0.30 (0.04) poly.3  58.90 
339    4.29 (0.20)   4.10 (0.09)  96.40 ( 0.57)  71.59 (11.78)  0.28 (0.10) poly.3  99.93 
340    1.29 (0.11)   1.52 (0.05)  96.96 ( 0.64)  91.68 ( 5.83)  0.24 (0.09) poly.3  52.71 
341   23.09 (0.42)  22.63 (0.16)  84.66 ( 0.90)  79.94 ( 3.54) -0.09 (0.04) poly.3  66.60 
342   18.95 (0.39)  18.99 (0.17)  99.72 ( 0.04)  96.59 ( 1.60) -0.71 (0.06) poly.3 100.00 
343   42.98 (0.50)  44.63 (0.20)  99.52 ( 0.06)  98.76 ( 0.49) -1.14 (0.04) poly.3  94.41 
344   22.85 (0.42)  23.06 (0.18)  98.55 ( 0.16)  91.54 ( 2.85) -0.52 (0.05) poly.3 100.00 
345   12.11 (0.33)  12.30 (0.11)  66.14 ( 1.36)  64.78 ( 2.87)  0.38 (0.03) poly.2  52.50 
346    5.29 (0.22)   5.33 (0.10)  96.10 ( 0.55)  71.15 (10.62)  0.23 (0.09) poly.3 100.00 
347   26.33 (0.44)  25.92 (0.18)  87.05 ( 0.88)  72.28 ( 5.42) -0.11 (0.05) poly.3  99.95 
348    4.83 (0.21)   4.98 (0.09)  84.18 ( 1.46)  94.55 ( 2.81)  0.11 (0.12) poly.3  49.90 
349   41.87 (0.49)  41.93 (0.18)  90.78 ( 0.51)  90.94 ( 1.28) -0.56 (0.03) poly.2  57.20 
350   15.69 (0.36)  15.36 (0.15)  95.09 ( 0.46)  99.07 ( 0.48) -0.53 (0.08) poly.3  74.47 
351   39.36 (0.49)  39.40 (0.18)  91.76 ( 0.52)  89.34 ( 2.01) -0.53 (0.03) poly.3  61.45 
352   27.07 (0.44)  27.28 (0.18)  98.96 ( 0.12)  96.23 ( 1.43) -0.72 (0.05) poly.3  99.73 
353   27.71 (0.45)  28.04 (0.19)  96.29 ( 0.32)  98.90 ( 0.51) -0.78 (0.08) sing.3  51.93 
354    6.87 (0.25)   6.74 (0.10)  79.30 ( 1.64)  65.43 ( 7.93)  0.44 (0.06) poly.3  85.55 
355   27.76 (0.45)  26.95 (0.18)  86.86 ( 0.89)  68.97 ( 5.67) -0.10 (0.05) poly.3 100.00 
356   31.55 (0.46)  31.06 (0.16)  99.48 ( 0.05)  99.46 ( 0.09) -1.03 (0.02) poly.2  57.23 
357    9.31 (0.29)   9.60 (0.11)  99.27 ( 0.09)  99.24 ( 0.20) -0.57 (0.03) poly.2  57.14 
358    2.63 (0.16)   2.79 (0.06)  97.75 ( 0.38)  98.34 ( 0.72) -0.10 (0.08) poly.2  47.86 
359   30.32 (0.46)  30.09 (0.19)  96.70 ( 0.30)  81.35 ( 4.44) -0.42 (0.05) poly.3 100.00 
360   11.77 (0.32)  11.18 (0.12)  95.71 ( 0.41)  96.92 ( 0.93) -0.30 (0.06) poly.2  33.72 
361    0.47 (0.07)   0.55 (0.03)  90.61 ( 2.40)  49.73 (23.43)  0.93 (0.17) poly.3  84.73 
362   48.17 (0.50)  47.90 (0.18)  99.56 ( 0.04)  99.47 ( 0.13) -1.27 (0.03) poly.2  47.06 
363    9.17 (0.29)   9.36 (0.11)  96.52 ( 0.36)  96.97 ( 0.83) -0.27 (0.05) poly.2  51.47 
364    8.44 (0.28)   7.99 (0.09)  89.88 ( 0.77)  89.78 ( 1.46)  0.07 (0.03) poly.2  57.51 
365   10.58 (0.31)  10.81 (0.12)  99.94 ( 0.01)  99.92 ( 0.04) -0.98 (0.04) poly.2  51.01 
366    8.35 (0.28)   8.63 (0.10)  99.85 ( 0.02)  99.83 ( 0.06) -0.79 (0.04) poly.2  56.25 
367   25.24 (0.43)  25.65 (0.17)  85.06 ( 0.86)  88.24 ( 2.38) -0.24 (0.05) poly.3  39.54 
368    3.52 (0.18)   3.49 (0.07)  96.43 ( 0.53)  93.76 ( 2.97)  0.06 (0.06) poly.3  47.62 
369    0.39 (0.06)   0.34 (0.03)  98.15 ( 0.89)  30.72 (30.66)  0.95 (0.24) poly.3  96.10 
370    7.47 (0.26)   7.66 (0.10)  98.70 ( 0.16)  98.65 ( 0.34) -0.40 (0.03) poly.2  57.14 
371   40.52 (0.49)  40.18 (0.17)  85.88 ( 0.64)  85.23 ( 1.42) -0.41 (0.02) poly.2  52.63 
372    1.96 (0.14)   2.05 (0.07)  99.92 ( 0.03)  84.47 (14.60) -0.02 (0.15) poly.3  99.70 
373    4.48 (0.21)   4.74 (0.09)  88.90 ( 1.17)  97.36 ( 1.63) -0.02 (0.12) poly.3  56.27 
374    4.56 (0.21)   4.73 (0.08)  95.49 ( 0.55)  96.00 ( 1.30) -0.03 (0.06) poly.2  54.28 
375   13.30 (0.34)  13.43 (0.13)  95.54 ( 0.40)  94.02 ( 1.60) -0.27 (0.04) poly.3  48.09 
376   28.00 (0.45)  27.85 (0.19)  98.10 ( 0.19)  99.53 ( 0.24) -0.92 (0.07) poly.3  57.65 
377   26.51 (0.44)  26.42 (0.17)  99.44 ( 0.06)  98.95 ( 0.42) -0.90 (0.04) poly.3  68.25 
378    3.46 (0.18)   3.86 (0.08)  85.31 ( 1.51)  95.18 ( 2.67)  0.14 (0.13) poly.3  48.46 
379    7.02 (0.26)   7.24 (0.11)  94.88 ( 0.61)  86.25 ( 5.42)  0.04 (0.07) poly.3  90.97 
380    5.21 (0.22)   5.12 (0.09)  91.66 ( 0.93)  84.40 ( 5.56)  0.21 (0.06) poly.3  69.97 
381   53.92 (0.50)  53.41 (0.17)  93.97 ( 0.33)  93.91 ( 0.61) -0.82 (0.02) poly.2  57.38 
382    1.94 (0.14)   1.90 (0.05)  99.77 ( 0.06)  99.74 ( 0.16) -0.37 (0.06) poly.2  57.19 
383   52.18 (0.50)  51.91 (0.20)  95.04 ( 0.40)  89.12 ( 2.70) -0.74 (0.04) poly.3  99.62 
384    1.24 (0.11)   1.03 (0.04)  97.45 ( 0.64)  93.99 ( 4.80)  0.25 (0.09) poly.2  43.08 
385   11.54 (0.32)  11.47 (0.12)  99.48 ( 0.07)  99.59 ( 0.14) -0.71 (0.05) poly.2  46.58 
386   16.12 (0.37)  16.18 (0.15)  99.39 ( 0.08)  99.66 ( 0.14) -0.83 (0.06) poly.3  40.34 
387    2.52 (0.16)   2.49 (0.06)  99.33 ( 0.15)  98.85 ( 0.84) -0.22 (0.06) poly.2  48.83 
388    0.97 (0.10)   1.08 (0.04)  78.50 ( 2.76)  84.91 ( 5.76)  0.66 (0.12) poly.2  39.12 
389   49.69 (0.50)  49.20 (0.20)  93.45 ( 0.50)  75.94 ( 4.54) -0.54 (0.04) poly.3 100.00 
390   23.45 (0.42)  23.26 (0.15)  93.61 ( 0.40)  93.63 ( 0.72) -0.40 (0.02) poly.2  57.59 
391   20.08 (0.40)  20.15 (0.15)  96.15 ( 0.32)  94.68 ( 1.39) -0.43 (0.04) poly.3  54.51 
392    7.48 (0.26)   7.27 (0.10)  94.87 ( 0.55)  96.69 ( 1.17) -0.16 (0.07) sing.3  38.32 
393    4.23 (0.20)   4.40 (0.08)  92.35 ( 0.84)  90.19 ( 2.90)  0.17 (0.05) poly.2  45.62 
394   25.74 (0.44)  26.34 (0.18)  96.64 ( 0.31)  99.75 ( 0.13) -0.86 (0.06) poly.3  94.79 
395   39.43 (0.49)  38.93 (0.19)  93.45 ( 0.50)  78.34 ( 4.43) -0.43 (0.05) poly.3 100.00 
396    0.40 (0.06)   0.37 (0.02)  96.77 ( 1.19)  88.29 (11.33)  0.53 (0.14) poly.3  43.66 
397   11.39 (0.32)  11.60 (0.11)  97.91 ( 0.21)  97.73 ( 0.50) -0.41 (0.03) poly.2  54.83 
398    0.22 (0.05)   0.36 (0.02)  95.64 ( 1.45)  95.76 ( 3.51)  0.48 (0.14) poly.2  57.03 
399    5.78 (0.23)   5.93 (0.09)  71.29 ( 1.75)  74.84 ( 4.70)  0.46 (0.06) poly.2  44.79 
400    2.32 (0.15)   2.15 (0.06)  98.31 ( 0.37)  88.71 ( 8.30)  0.16 (0.11) poly.3  84.05 
401    7.19 (0.26)   7.25 (0.09)  97.95 ( 0.24)  97.77 ( 0.58) -0.29 (0.04) poly.2  55.47 
402   36.31 (0.48)  36.77 (0.19)  96.53 ( 0.31)  91.75 ( 2.34) -0.63 (0.05) poly.3  99.26 
403   26.13 (0.44)  25.81 (0.18)  99.81 ( 0.03)  99.28 ( 0.37) -1.01 (0.05) poly.3  95.21 
404   20.04 (0.40)  20.39 (0.17)  80.42 ( 1.14)  89.61 ( 3.32) -0.18 (0.10) sing.3  64.85 
405   26.02 (0.44)  25.38 (0.17)  88.97 ( 0.78)  80.80 ( 4.30) -0.19 (0.05) poly.3  94.48 
406   46.50 (0.50)  46.49 (0.18)  96.74 ( 0.23)  97.07 ( 0.56) -0.89 (0.03) poly.2  49.27 
407    3.89 (0.19)   3.86 (0.07)  99.15 ( 0.15)  99.05 ( 0.39) -0.30 (0.05) poly.2  56.08 
408   20.65 (0.40)  21.14 (0.15)  94.10 ( 0.44)  95.05 ( 1.08) -0.41 (0.04) poly.2  42.34 
409   55.74 (0.50)  55.10 (0.20)  94.89 ( 0.41)  85.85 ( 3.24) -0.74 (0.04) poly.3 100.00 
410    1.33 (0.11)   1.26 (0.05)  96.24 ( 0.85)  80.53 (13.15)  0.43 (0.12) poly.3  76.93 
411   42.78 (0.49)  42.46 (0.19)  99.83 ( 0.02)  99.64 ( 0.16) -1.32 (0.04) poly.3  76.52 
412   26.25 (0.44)  26.57 (0.19)  99.61 ( 0.05)  99.87 ( 0.07) -1.14 (0.07) sing.3  50.05 
413   36.40 (0.48)  36.47 (0.19)  93.43 ( 0.48)  96.45 ( 1.17) -0.69 (0.07) sing.3  50.18 
414   12.76 (0.33)  12.49 (0.13)  93.11 ( 0.62)  96.36 ( 1.37) -0.27 (0.07) poly.3  45.65 
415    3.27 (0.18)   3.28 (0.07)  97.50 ( 0.39)  97.63 ( 0.99) -0.07 (0.07) poly.2  57.15 
416   38.46 (0.49)  37.77 (0.19)  80.18 ( 1.10)  51.64 ( 5.90) -0.07 (0.04) poly.3 100.00 
417   16.91 (0.37)  16.03 (0.14)  97.18 ( 0.25)  97.32 ( 0.62) -0.46 (0.04) poly.2  56.21 
418    5.07 (0.22)   5.24 (0.09)  91.30 ( 0.96)  99.32 ( 0.47) -0.21 (0.10) poly.3  83.00 
419   19.98 (0.40)  20.04 (0.15)  84.01 ( 0.86)  84.85 ( 2.23) -0.09 (0.04) poly.2  54.00 
420   29.26 (0.45)  28.36 (0.16)  89.58 ( 0.56)  89.00 ( 1.27) -0.34 (0.02) poly.2  52.67 
421    4.56 (0.21)   4.61 (0.08)  97.96 ( 0.31)  95.59 ( 2.38) -0.11 (0.06) poly.3  57.26 
422   37.81 (0.48)  37.94 (0.17)  95.19 ( 0.30)  94.71 ( 0.79) -0.67 (0.02) poly.2  49.35 
423   32.28 (0.47)  32.01 (0.19)  89.11 ( 0.75)  76.87 ( 4.70) -0.26 (0.05) poly.3  99.92 
424   12.28 (0.33)  11.98 (0.14)  93.20 ( 0.67)  67.14 ( 7.85)  0.10 (0.06) poly.3 100.00 
425   35.09 (0.48)  34.32 (0.18)  99.07 ( 0.09)  98.71 ( 0.38) -0.95 (0.03) poly.3  50.67 
426   23.53 (0.42)  23.60 (0.18)  98.82 ( 0.13)  99.82 ( 0.10) -1.00 (0.08) poly.3  51.89 
427   17.28 (0.38)  16.70 (0.16)  98.15 ( 0.20)  99.76 ( 0.15) -0.79 (0.08) poly.3  68.98 
428   26.47 (0.44)  27.22 (0.18)  95.02 ( 0.41)  99.32 ( 0.30) -0.79 (0.07) poly.3  81.44 
429   17.86 (0.38)  17.22 (0.13)  99.68 ( 0.04)  99.68 ( 0.07) -0.89 (0.03) poly.2  57.55 
430    2.70 (0.16)   2.68 (0.08)  99.59 ( 0.10)  89.07 ( 8.93) -0.01 (0.12) poly.3  98.36 
431   15.00 (0.36)  15.02 (0.14)  97.24 ( 0.27)  98.00 ( 0.60) -0.49 (0.06) sing.3  35.98 
432    2.09 (0.14)   2.29 (0.06)  98.69 ( 0.26)  99.26 ( 0.36) -0.21 (0.11) poly.2  37.96 
433    2.21 (0.15)   2.39 (0.06)  98.95 ( 0.22)  97.12 ( 2.26) -0.09 (0.08) poly.3  49.04 
434   46.78 (0.50)  46.95 (0.20)  97.09 ( 0.26)  89.98 ( 2.61) -0.76 (0.04) poly.3 100.00 
435    0.98 (0.10)   0.85 (0.04)  88.08 ( 2.31)  66.78 (15.79)  0.77 (0.12) poly.3  68.57 
436    0.80 (0.09)   0.78 (0.04)  97.71 ( 0.67)  89.03 ( 9.92)  0.36 (0.12) poly.3  56.22 
437   66.11 (0.47)  65.91 (0.18)  94.68 ( 0.44)  88.51 ( 2.81) -0.91 (0.04) poly.3  99.64 
438    3.96 (0.20)   3.73 (0.08)  99.50 ( 0.10)  99.84 ( 0.09) -0.55 (0.11) poly.3  42.53 
439    3.77 (0.19)   3.81 (0.07)  85.76 ( 1.27)  85.23 ( 2.57)  0.36 (0.04) poly.2  56.61 
440   28.79 (0.45)  29.08 (0.19)  97.95 ( 0.20)  94.23 ( 1.92) -0.63 (0.05) poly.3  99.27 
441   16.22 (0.37)  15.69 (0.15)  98.94 ( 0.13)  99.91 ( 0.06) -0.89 (0.07) poly.3  76.37 
442   24.51 (0.43)  24.64 (0.16)  94.23 ( 0.40)  94.45 ( 1.00) -0.45 (0.03) poly.2  56.31 
443   26.59 (0.44)  26.82 (0.18)  80.04 ( 1.15)  67.57 ( 5.57) -0.02 (0.05) poly.3  97.82 
444    7.36 (0.26)   7.32 (0.11)  97.46 ( 0.35)  90.90 ( 4.29) -0.10 (0.07) poly.3  93.83 
445   45.20 (0.50)  45.66 (0.18)  99.17 ( 0.07)  99.20 ( 0.17) -1.15 (0.03) poly.2  56.50 
446   40.30 (0.49)  40.27 (0.17)  96.98 ( 0.21)  96.67 ( 0.54) -0.81 (0.02) poly.2  50.02 
447   38.85 (0.49)  38.25 (0.17)  99.17 ( 0.07)  99.10 ( 0.16) -1.04 (0.02) poly.2  53.93 
448   27.18 (0.44)  26.63 (0.18)  88.28 ( 0.82)  76.70 ( 4.90) -0.17 (0.05) poly.3  99.51 
449    3.61 (0.19)   3.75 (0.08)  95.57 ( 0.63)  98.79 ( 0.76) -0.16 (0.12) poly.3  47.10 
450   18.66 (0.39)  18.62 (0.16)  96.57 ( 0.35)  82.77 ( 4.87) -0.25 (0.06) poly.3 100.00 
451   58.64 (0.49)  59.07 (0.19)  97.60 ( 0.22)  91.60 ( 2.25) -0.95 (0.04) poly.3 100.00 
452   12.11 (0.33)  11.94 (0.13)  94.60 ( 0.50)  96.55 ( 1.13) -0.29 (0.06) poly.3  41.38 
453    0.60 (0.08)   0.60 (0.03)  92.91 ( 1.87)  63.34 (21.10)  0.78 (0.16) poly.3  77.11 
454    0.46 (0.07)   0.45 (0.03)  94.74 ( 1.61)  81.51 (14.27)  0.64 (0.14) poly.3  51.27 
455   14.35 (0.35)  14.10 (0.14)  98.47 ( 0.17)  98.94 ( 0.35) -0.59 (0.06) poly.2  34.18 
456   15.82 (0.36)  15.88 (0.15)  95.63 ( 0.44)  68.97 ( 7.16) -0.05 (0.06) poly.3 100.00 
457    4.49 (0.21)   4.41 (0.07)  97.95 ( 0.29)  97.91 ( 0.58) -0.17 (0.04) poly.2  57.51 
458   16.27 (0.37)  16.26 (0.14)  72.40 ( 1.39)  79.07 ( 4.31)  0.12 (0.06) poly.3  41.00 
459    2.63 (0.16)   2.83 (0.06)  94.29 ( 0.80)  95.80 ( 1.59)  0.11 (0.08) poly.2  44.12 
460   48.48 (0.50)  47.75 (0.18)  95.72 ( 0.29)  94.74 ( 1.02) -0.81 (0.03) poly.3  49.19 
461    3.39 (0.18)   3.65 (0.08)  96.33 ( 0.54)  99.56 ( 0.38) -0.28 (0.13) poly.3  56.06 
462    0.28 (0.05)   0.28 (0.02)  90.58 ( 3.43)   5.39 ( 9.27)  1.47 (0.25) poly.3  99.26 
463    4.96 (0.22)   4.99 (0.09)  92.81 ( 0.81)  99.11 ( 0.66) -0.28 (0.15) sing.3  60.96 
464   11.89 (0.32)  12.15 (0.13)  99.93 ( 0.01)  99.95 ( 0.02) -1.04 (0.05) poly.2  52.21 
465   18.74 (0.39)  18.35 (0.16)  99.07 ( 0.12)  95.78 ( 1.80) -0.57 (0.06) poly.3  99.74 
466    5.05 (0.22)   5.43 (0.09)  96.51 ( 0.43)  96.94 ( 0.99) -0.12 (0.06) poly.2  53.66 
467   16.15 (0.37)  16.21 (0.16)  99.16 ( 0.10)  99.86 ( 0.09) -0.90 (0.08) poly.3  54.18 
468   10.23 (0.30)  10.02 (0.12)  95.87 ( 0.42)  97.16 ( 0.92) -0.29 (0.06) sing.3  35.62 
469   13.70 (0.34)  13.52 (0.14)  96.56 ( 0.36)  98.80 ( 0.60) -0.50 (0.08) poly.3  56.26 
470   20.00 (0.40)  20.19 (0.16)  91.45 ( 0.69)  82.28 ( 4.51) -0.16 (0.05) poly.3  97.89 
471   10.99 (0.31)  11.46 (0.14)  97.73 ( 0.28)  92.13 ( 3.31) -0.25 (0.06) poly.3  97.43 
472   30.40 (0.46)  30.91 (0.18)  92.52 ( 0.51)  94.39 ( 1.31) -0.52 (0.05) poly.3  38.67 
473    0.97 (0.10)   0.97 (0.04)  96.11 ( 0.89)  97.21 ( 1.46)  0.22 (0.12) poly.2  49.51 
474    1.05 (0.10)   0.89 (0.03)  79.69 ( 2.78)  77.16 ( 6.44)  0.79 (0.07) poly.2  54.09 
475    0.94 (0.10)   0.97 (0.05)  99.78 ( 0.09)  78.91 (21.24)  0.24 (0.18) poly.3  95.29 
476   15.35 (0.36)  15.08 (0.14)  96.73 ( 0.30)  97.28 ( 0.69) -0.43 (0.05) poly.2  45.39 
477    1.07 (0.10)   1.04 (0.05)  99.83 ( 0.07)  92.35 ( 9.78)  0.02 (0.16) poly.3  81.44 
478    1.38 (0.12)   1.49 (0.04)  94.92 ( 0.91)  93.67 ( 2.82)  0.29 (0.06) poly.2  53.14 
479   42.60 (0.49)  42.87 (0.20)  97.82 ( 0.21)  92.93 ( 2.05) -0.78 (0.05) poly.3 100.00 
480   10.58 (0.31)  10.89 (0.11)  89.76 ( 0.76)  89.89 ( 1.98) -0.02 (0.04) poly.2  57.49 
481   38.08 (0.49)  37.51 (0.17)  92.93 ( 0.38)  92.98 ( 0.69) -0.58 (0.02) poly.2  57.49 
482    8.51 (0.28)   8.74 (0.11)  88.93 ( 0.93)  92.60 ( 2.29) -0.01 (0.07) sing.3  40.73 
483   13.54 (0.34)  13.86 (0.12)  96.91 ( 0.27)  96.85 ( 0.52) -0.39 (0.03) poly.2  57.24 
484    0.98 (0.10)   0.98 (0.04)  87.00 ( 2.31)  67.08 (14.67)  0.76 (0.12) poly.3  68.52 
485   20.66 (0.40)  20.12 (0.14)  83.33 ( 0.89)  81.08 ( 2.57) -0.04 (0.03) poly.3  42.52 
486   19.60 (0.40)  19.53 (0.16)  99.21 ( 0.09)  99.55 ( 0.17) -0.85 (0.06) poly.3  40.35 
487    0.11 (0.03)   0.13 (0.02)  99.39 ( 0.57)  16.62 (24.86)  1.12 (0.28) poly.3  97.36 
488    4.27 (0.20)   4.26 (0.07)  85.82 ( 1.21)  85.57 ( 2.33)  0.33 (0.04) poly.2  57.32 
489   61.85 (0.49)  62.20 (0.18)  82.06 ( 0.91)  77.52 ( 3.32) -0.58 (0.03) poly.3  68.88 
490   13.82 (0.35)  14.26 (0.14)  98.83 ( 0.14)  97.93 ( 0.84) -0.55 (0.04) poly.3  59.67 
491    0.05 (0.02)   0.08 (0.01)  78.45 ( 7.65)  75.90 (17.43)  1.20 (0.20) poly.2  56.45 
492   17.09 (0.38)  17.45 (0.14)  63.41 ( 1.44)  67.52 ( 4.43)  0.26 (0.05) poly.2  38.52 
493    9.32 (0.29)   9.22 (0.10)  96.08 ( 0.37)  96.08 ( 0.68) -0.22 (0.03) poly.2  57.61 
494   18.07 (0.38)  18.08 (0.15)  99.08 ( 0.10)  99.43 ( 0.20) -0.78 (0.06) poly.3  38.19 
495    2.88 (0.17)   2.83 (0.08)  98.95 ( 0.23)  87.54 ( 8.82)  0.08 (0.11) poly.3  96.58 
496    2.46 (0.15)   2.64 (0.07)  99.95 ( 0.01)  99.73 ( 0.37) -0.60 (0.08) poly.3  47.49 
497   12.22 (0.33)  12.28 (0.12)  96.51 ( 0.31)  96.33 ( 0.67) -0.32 (0.03) poly.2  55.88 
498    1.34 (0.11)   1.45 (0.06)  99.85 ( 0.06)  78.57 (19.66)  0.15 (0.17) poly.3  99.03 
499   55.01 (0.50)  54.65 (0.17)  96.32 ( 0.23)  96.21 ( 0.45) -0.95 (0.02) poly.2  56.12 
500   18.84 (0.39)  18.74 (0.15)  95.81 ( 0.35)  94.25 ( 1.49) -0.39 (0.04) poly.3  53.70 
501    1.16 (0.11)   1.05 (0.04)  95.64 ( 0.97)  91.01 ( 5.96)  0.37 (0.09) poly.2  42.38 
502    0.01 (0.01)   0.04 (0.01)  87.81 ( 8.30)  47.26 (22.47)  1.40 (0.27) poly.3  59.65 
503   30.62 (0.46)  30.60 (0.19)  95.90 ( 0.36)  87.86 ( 3.25) -0.47 (0.05) poly.3  99.99 
504   17.16 (0.38)  16.92 (0.13)  97.77 ( 0.19)  97.67 ( 0.41) -0.52 (0.03) poly.2  56.36 
505    4.59 (0.21)   4.52 (0.08)  95.00 ( 0.63)  97.06 ( 1.18) -0.07 (0.08) poly.3  38.46 
506    2.66 (0.16)   2.67 (0.07)  98.60 ( 0.27)  99.66 ( 0.22) -0.34 (0.13) poly.3  47.71 
507    5.21 (0.22)   5.35 (0.09)  89.63 ( 1.06)  95.13 ( 2.17)  0.03 (0.10) sing.3  45.32 
508    1.98 (0.14)   1.90 (0.05)  99.73 ( 0.07)  99.67 ( 0.23) -0.34 (0.06) poly.2  56.21 
509    0.58 (0.08)   0.73 (0.03)  98.75 ( 0.41)  96.30 ( 4.00)  0.18 (0.10) poly.2  45.49 
510   42.99 (0.50)  43.16 (0.18)  94.34 ( 0.35)  93.57 ( 1.01) -0.69 (0.03) poly.2  44.76 
511   14.93 (0.36)  14.57 (0.14)  97.26 ( 0.26)  97.91 ( 0.60) -0.47 (0.05) poly.2  38.63 
512   51.40 (0.50)  51.55 (0.20)  99.09 ( 0.09)  99.75 ( 0.12) -1.36 (0.07) sing.3  53.09 
513   28.10 (0.45)  27.99 (0.18)  81.57 ( 1.08)  70.86 ( 5.20) -0.07 (0.05) poly.3  95.67 
514   11.37 (0.32)  11.50 (0.13)  85.54 ( 1.14)  73.68 ( 6.35)  0.17 (0.06) poly.3  92.57 
515    4.44 (0.21)   4.32 (0.09)  97.81 ( 0.37)  66.64 (13.17)  0.25 (0.10) poly.3 100.00 
516    3.18 (0.18)   3.28 (0.08)  98.51 ( 0.30)  56.76 (17.17)  0.33 (0.12) poly.3 100.00 
517    3.64 (0.19)   3.34 (0.08)  99.54 ( 0.10)  99.98 ( 0.02) -0.75 (0.15) poly.3  50.29 
518   16.17 (0.37)  16.25 (0.14)  95.63 ( 0.40)  92.49 ( 2.33) -0.30 (0.05) poly.3  73.92 
519   52.60 (0.50)  52.90 (0.20)  89.12 ( 0.72)  76.07 ( 4.44) -0.52 (0.04) poly.3 100.00 
520    2.91 (0.17)   3.16 (0.07)  92.15 ( 0.96)  92.57 ( 2.40)  0.21 (0.06) poly.2  56.85 
521   12.05 (0.33)  12.57 (0.14)  96.43 ( 0.39)  91.37 ( 3.21) -0.22 (0.06) poly.3  90.61 
522   31.21 (0.46)  30.93 (0.19)  92.98 ( 0.55)  85.42 ( 3.58) -0.38 (0.05) poly.3  98.87 
523   28.31 (0.45)  27.40 (0.17)  93.89 ( 0.45)  91.10 ( 2.12) -0.43 (0.04) poly.3  69.40 
524    9.52 (0.29)   9.41 (0.13)  99.84 ( 0.03)  99.99 ( 0.01) -1.07 (0.10) poly.3  55.39 
525    0.65 (0.08)   0.67 (0.03)  88.50 ( 2.26)  88.59 ( 5.81)  0.63 (0.11) poly.2  57.43 
526   26.54 (0.44)  26.64 (0.15)  97.94 ( 0.16)  97.94 ( 0.29) -0.71 (0.02) poly.2  57.61 
527    5.82 (0.23)   5.88 (0.10)  90.10 ( 1.01)  96.23 ( 1.89) -0.03 (0.10) poly.3  52.41 
528   15.35 (0.36)  15.30 (0.15)  92.26 ( 0.68)  82.98 ( 4.79) -0.08 (0.06) poly.3  96.99 
529    1.06 (0.10)   1.09 (0.05)  97.53 ( 0.67)  57.07 (24.42)  0.61 (0.16) poly.3  97.88 
530    0.60 (0.08)   0.57 (0.03)  97.17 ( 0.96)  59.24 (26.88)  0.71 (0.19) poly.3  88.56 
531   21.61 (0.41)  21.39 (0.15)  79.02 ( 1.00)  79.89 ( 2.56) -0.02 (0.03) poly.2  54.52 
532   25.54 (0.44)  24.68 (0.17)  76.58 ( 1.28)  62.85 ( 5.95)  0.08 (0.05) poly.3  98.04 
533   20.98 (0.41)  20.17 (0.14)  96.45 ( 0.26)  96.38 ( 0.52) -0.48 (0.02) poly.2  57.14 
534   74.90 (0.43)  74.55 (0.16)  99.61 ( 0.04)  99.55 ( 0.10) -1.65 (0.02) poly.2  50.30 
535   26.81 (0.44)  26.56 (0.18)  93.14 ( 0.55)  84.49 ( 3.90) -0.31 (0.05) poly.3  99.49 
536   24.56 (0.43)  24.42 (0.17)  81.11 ( 1.15)  55.18 ( 6.45)  0.09 (0.05) poly.3 100.00 
537    0.22 (0.05)   0.25 (0.02)  95.73 ( 1.92)  34.53 (28.55)  1.06 (0.23) poly.3  89.45 
538    9.20 (0.29)   9.01 (0.12)  98.79 ( 0.17)  99.88 ( 0.10) -0.69 (0.09) poly.3  72.05 
539   17.75 (0.38)  17.82 (0.17)  99.53 ( 0.06)  97.47 ( 1.23) -0.68 (0.06) poly.3  99.62 
540   50.98 (0.50)  50.33 (0.20)  92.53 ( 0.55)  85.58 ( 3.25) -0.63 (0.04) poly.3  98.96 
541   32.87 (0.47)  32.98 (0.16)  96.48 ( 0.23)  96.34 ( 0.49) -0.68 (0.02) poly.2  55.77 
542   10.38 (0.31)  10.48 (0.12)  94.98 ( 0.46)  95.66 ( 1.09) -0.22 (0.05) poly.2  49.51 
543   48.92 (0.50)  48.78 (0.20)  89.21 ( 0.72)  72.73 ( 4.79) -0.45 (0.04) poly.3 100.00 
544    2.82 (0.17)   3.00 (0.07)  99.73 ( 0.06)  99.24 ( 0.71) -0.39 (0.07) poly.3  43.44 
545    0.78 (0.09)   0.65 (0.03)  95.74 ( 1.16)  87.89 ( 9.47)  0.48 (0.11) poly.3  46.46 
546   45.74 (0.50)  45.58 (0.18)  95.63 ( 0.31)  94.38 ( 1.16) -0.77 (0.03) poly.3  55.08 
547   33.94 (0.47)  34.13 (0.17)  98.73 ( 0.10)  98.65 ( 0.23) -0.91 (0.02) poly.2  54.84 
548   14.24 (0.35)  13.84 (0.14)  95.91 ( 0.43)  87.69 ( 4.18) -0.18 (0.06) poly.3  99.08 
549    3.70 (0.19)   3.80 (0.08)  96.05 ( 0.62)  78.11 (10.21)  0.25 (0.10) poly.3  98.57 
550    3.64 (0.19)   3.70 (0.08)  98.88 ( 0.20)  99.80 ( 0.15) -0.47 (0.12) poly.3  52.64 
551   26.45 (0.44)  26.30 (0.17)  96.25 ( 0.33)  93.37 ( 1.95) -0.51 (0.04) poly.3  82.25 
552    4.51 (0.21)   4.40 (0.07)  88.61 ( 1.04)  88.25 ( 2.09)  0.25 (0.04) poly.2  56.89 
553   11.14 (0.31)  10.97 (0.11)  98.11 ( 0.19)  98.03 ( 0.42) -0.42 (0.03) poly.2  56.58 
554   15.00 (0.36)  15.11 (0.14)  88.25 ( 0.92)  77.60 ( 5.49)  0.03 (0.05) poly.3  95.31 
555    1.74 (0.13)   1.80 (0.06)  99.14 ( 0.24)  27.32 (20.50)  0.60 (0.16) poly.3 100.00 
556    1.99 (0.14)   2.25 (0.06)  92.65 ( 1.14)  99.88 ( 0.13) -0.13 (0.10) poly.3  98.25 
557   40.70 (0.49)  41.43 (0.19)  85.84 ( 0.88)  71.41 ( 4.97) -0.30 (0.04) poly.3  99.99 
558    2.67 (0.16)   2.65 (0.06)  95.16 ( 0.71)  93.60 ( 2.54)  0.16 (0.06) poly.2  49.16 
559   35.11 (0.48)  35.45 (0.18)  90.35 ( 0.60)  87.27 ( 2.41) -0.43 (0.03) poly.3  65.37 
560    0.31 (0.06)   0.48 (0.03)  76.78 ( 3.85)  80.37 ( 8.18)  0.88 (0.13) poly.2  53.22 
561   19.83 (0.40)  19.39 (0.15)  83.33 ( 0.94)  79.88 ( 3.15) -0.02 (0.03) poly.3  53.20 
562   16.28 (0.37)  15.90 (0.15)  96.59 ( 0.34)  98.61 ( 0.63) -0.54 (0.07) poly.3  55.03 
563    4.58 (0.21)   4.67 (0.08)  91.97 ( 0.85)  92.81 ( 2.04)  0.12 (0.06) poly.2  53.89 
564   57.02 (0.50)  57.39 (0.20)  99.83 ( 0.02)  99.98 ( 0.01) -1.80 (0.08) sing.3  53.62 
565    5.73 (0.23)   5.72 (0.10)  98.34 ( 0.24)  99.92 ( 0.08) -0.63 (0.12) poly.3  58.05 
566    2.64 (0.16)   2.59 (0.06)  92.27 ( 1.02)  89.90 ( 3.52)  0.29 (0.06) poly.2  47.73 
567    2.51 (0.16)   2.67 (0.07)  72.97 ( 2.73)  28.16 (11.71)  0.96 (0.10) poly.3  99.95 
568    6.12 (0.24)   6.06 (0.10)  98.03 ( 0.27)  98.88 ( 0.47) -0.34 (0.08) sing.3  37.86 
569   50.26 (0.50)  50.33 (0.20)  98.35 ( 0.16)  96.31 ( 1.18) -0.99 (0.04) poly.3  96.43 
570   22.24 (0.42)  22.30 (0.16)  81.93 ( 1.07)  74.25 ( 4.66) -0.01 (0.04) poly.3  82.21 
571   11.16 (0.31)  10.96 (0.13)  95.14 ( 0.50)  98.67 ( 0.73) -0.40 (0.08) poly.3  60.65 
572    9.07 (0.29)   8.58 (0.10)  94.36 ( 0.50)  94.06 ( 1.09) -0.10 (0.03) poly.2  55.79 
573   30.26 (0.46)  29.66 (0.19)  96.05 ( 0.35)  90.06 ( 2.83) -0.49 (0.05) poly.3  99.55 
574   23.79 (0.43)  23.65 (0.16)  95.79 ( 0.31)  95.93 ( 0.79) -0.51 (0.03) poly.2  56.80 
575   18.56 (0.39)  18.38 (0.15)  98.60 ( 0.15)  97.54 ( 0.92) -0.60 (0.04) poly.3  65.47 
576    0.15 (0.04)   0.23 (0.02)  97.74 ( 1.19)  49.78 (31.96)  0.88 (0.23) poly.3  83.01 
577   15.76 (0.36)  15.74 (0.15)  86.50 ( 0.98)  95.06 ( 1.90) -0.22 (0.07) poly.3  72.25 
578   16.81 (0.37)  16.58 (0.15)  97.75 ( 0.23)  96.05 ( 1.39) -0.46 (0.04) poly.3  67.89 
579   24.39 (0.43)  24.69 (0.18)  97.66 ( 0.23)  99.03 ( 0.43) -0.77 (0.07) sing.3  52.34 
580   13.37 (0.34)  13.61 (0.14)  95.61 ( 0.44)  98.79 ( 0.64) -0.48 (0.08) poly.3  62.80 
581    5.00 (0.22)   5.21 (0.09)  99.60 ( 0.07)  99.06 ( 0.67) -0.46 (0.06) poly.3  49.17 
582    8.49 (0.28)   8.37 (0.10)  94.58 ( 0.52)  93.20 ( 1.79) -0.09 (0.04) poly.2  44.87 
583   32.78 (0.47)  32.72 (0.16)  97.42 ( 0.18)  97.25 ( 0.43) -0.74 (0.02) poly.2  53.73 
584    0.93 (0.10)   0.92 (0.05)  99.83 ( 0.08)  35.30 (30.71)  0.54 (0.20) poly.3  99.95 
585   14.69 (0.35)  15.07 (0.13)  90.47 ( 0.66)  88.78 ( 2.04) -0.12 (0.03) poly.2  43.22 
586    0.21 (0.05)   0.22 (0.02)  84.03 ( 4.31)  80.89 ( 9.92)  0.95 (0.12) poly.2  55.17 
587    1.21 (0.11)   1.10 (0.04)  89.06 ( 1.77)  87.35 ( 4.50)  0.55 (0.07) poly.2  54.32 
588   19.46 (0.40)  19.52 (0.15)  81.41 ( 1.03)  84.80 ( 2.88) -0.06 (0.05) poly.3  35.52 
589   17.07 (0.38)  17.48 (0.13)  96.04 ( 0.30)  95.93 ( 0.61) -0.41 (0.03) poly.2  56.85 
590   18.11 (0.39)  18.54 (0.16)  95.69 ( 0.40)  91.67 ( 2.62) -0.33 (0.05) poly.3  85.65 
591   33.42 (0.47)  33.78 (0.19)  98.18 ( 0.17)  99.77 ( 0.12) -1.11 (0.08) poly.3  62.52 
592   34.96 (0.48)  34.61 (0.17)  97.76 ( 0.18)  97.12 ( 0.68) -0.78 (0.03) poly.3  47.84 
593   24.05 (0.43)  24.54 (0.15)  81.54 ( 0.88)  79.70 ( 2.36) -0.09 (0.03) poly.2  44.85 
594    2.31 (0.15)   2.68 (0.06)  99.34 ( 0.14)  98.43 ( 1.26) -0.22 (0.07) poly.3  42.74 
595    1.08 (0.10)   1.16 (0.04)  97.58 ( 0.57)  98.53 ( 0.76)  0.06 (0.12) poly.2  42.83 
596    0.13 (0.04)   0.16 (0.01)  81.99 ( 5.39)  71.40 (15.29)  1.09 (0.15) poly.2  48.22 
597   29.60 (0.46)  29.36 (0.16)  81.86 ( 0.85)  82.08 ( 2.19) -0.19 (0.03) poly.2  57.32 
598    1.58 (0.12)   1.66 (0.06)  99.20 ( 0.23)  54.10 (24.02)  0.44 (0.16) poly.3  99.95 
599    0.57 (0.08)   0.67 (0.04)  97.60 ( 0.78)  66.40 (24.43)  0.61 (0.18) poly.3  86.42 
600   10.39 (0.31)  10.45 (0.13)  86.42 ( 1.05)  95.66 ( 2.04) -0.17 (0.12) sing.3  61.50 
601   23.63 (0.42)  24.03 (0.16)  96.11 ( 0.31)  96.78 ( 0.74) -0.56 (0.04) poly.2  41.89 
602    6.46 (0.25)   6.56 (0.10)  90.60 ( 0.96)  98.26 ( 1.03) -0.14 (0.09) poly.3  78.09 
603    0.25 (0.05)   0.22 (0.02)  81.48 ( 4.75)  76.02 (11.83)  1.02 (0.12) poly.2  52.85 
604    1.30 (0.11)   1.16 (0.05)  99.46 ( 0.17)  92.28 ( 8.46)  0.09 (0.14) poly.3  73.95 
605    0.00 (0.00)   0.02 (0.00)  94.01 ( 8.58)   9.94 ( 8.19)  1.83 (0.35) poly.3  91.08 
606    4.60 (0.21)   4.49 (0.08)  99.69 ( 0.06)  99.67 ( 0.14) -0.52 (0.04) poly.2  56.90 
607    8.24 (0.27)   8.25 (0.10)  88.91 ( 0.82)  88.34 ( 1.78)  0.09 (0.03) poly.2  55.20 
608    0.06 (0.02)   0.07 (0.01)  79.97 ( 9.26)  16.86 (10.79)  1.70 (0.28) poly.3  84.60 
609    5.64 (0.23)   5.90 (0.09)  96.35 ( 0.44)  97.36 ( 0.91) -0.17 (0.07) poly.2  40.09 
610   24.35 (0.43)  24.20 (0.15)  98.79 ( 0.10)  98.77 ( 0.20) -0.78 (0.02) poly.2  57.42 
611    0.14 (0.04)   0.16 (0.02)  75.69 ( 7.08)  24.97 (15.30)  1.50 (0.23) poly.3  79.98 
612    1.12 (0.11)   0.97 (0.04)  96.00 ( 0.91)  96.21 ( 2.22)  0.28 (0.10) poly.2  57.30 
613   36.03 (0.48)  36.21 (0.18)  89.01 ( 0.67)  85.25 ( 2.76) -0.39 (0.04) poly.3  70.02 
614   40.18 (0.49)  39.68 (0.17)  99.17 ( 0.07)  99.10 ( 0.17) -1.06 (0.02) poly.2  53.38 
615    2.14 (0.14)   2.47 (0.07)  99.44 ( 0.14)  71.44 (17.52)  0.21 (0.13) poly.3  99.96 
616    3.65 (0.19)   3.66 (0.07)  98.24 ( 0.28)  98.13 ( 0.62) -0.15 (0.04) poly.2  56.92 
617    5.82 (0.23)   6.15 (0.10)  92.78 ( 0.77)  96.60 ( 1.52) -0.10 (0.10) sing.3  48.76 
618   44.02 (0.50)  44.02 (0.20)  98.10 ( 0.18)  99.37 ( 0.28) -1.10 (0.07) poly.3  56.04 
619   16.60 (0.37)  16.21 (0.15)  85.12 ( 1.08)  62.06 ( 7.05)  0.16 (0.05) poly.3 100.00 
620   16.16 (0.37)  16.42 (0.14)  94.46 ( 0.44)  95.27 ( 1.06) -0.33 (0.04) poly.2  45.85 
621    7.37 (0.26)   7.64 (0.10)  89.08 ( 0.88)  87.15 ( 2.63)  0.12 (0.04) poly.2  46.32 
622   13.27 (0.34)  13.43 (0.13)  87.62 ( 0.94)  80.57 ( 4.63)  0.04 (0.05) poly.3  78.62 
623   16.50 (0.37)  16.39 (0.15)  98.60 ( 0.16)  99.54 ( 0.24) -0.74 (0.07) poly.3  58.69 
624    7.85 (0.27)   7.53 (0.11)  99.28 ( 0.11)  98.02 ( 1.18) -0.42 (0.06) poly.3  67.70 
625    0.28 (0.05)   0.25 (0.02)  97.04 ( 1.34)  75.64 (21.65)  0.69 (0.18) poly.3  59.77 
626   47.55 (0.50)  47.24 (0.20)  82.75 ( 0.99)  69.38 ( 5.01) -0.33 (0.04) poly.3  99.85 
627    6.09 (0.24)   6.24 (0.09)  96.88 ( 0.37)  97.34 ( 0.85) -0.19 (0.06) poly.2  51.85 
628    0.34 (0.06)   0.44 (0.03)  98.47 ( 0.60)  95.85 ( 4.84)  0.30 (0.12) poly.2  48.59 
629    5.98 (0.24)   6.16 (0.09)  90.30 ( 0.90)  92.13 ( 2.14)  0.08 (0.06) poly.2  44.30 
630    4.32 (0.20)   4.27 (0.09)  91.82 ( 1.06)  59.89 (12.34)  0.45 (0.09) poly.3  99.96 
631    2.19 (0.15)   2.20 (0.06)  90.71 ( 1.28)  84.93 ( 6.03)  0.41 (0.07) poly.3  48.18 
632   30.28 (0.46)  30.38 (0.19)  93.79 ( 0.50)  85.24 ( 3.67) -0.39 (0.05) poly.3  99.82 
633    2.71 (0.16)   2.70 (0.07)  91.69 ( 1.17)  99.99 ( 0.01) -0.31 (0.09) poly.3 100.00 
634    3.83 (0.19)   3.56 (0.07)  99.28 ( 0.13)  99.40 ( 0.29) -0.34 (0.07) poly.2  54.87 
635   15.37 (0.36)  15.18 (0.14)  84.53 ( 1.02)  89.51 ( 2.81) -0.08 (0.07) sing.3  41.59 
636   18.37 (0.39)  18.61 (0.15)  88.49 ( 0.81)  82.75 ( 3.85) -0.09 (0.04) poly.3  77.05 
637    2.17 (0.15)   2.22 (0.06)  81.27 ( 2.07)  94.92 ( 3.20)  0.27 (0.16) sing.3  52.38 
638    1.58 (0.12)   1.50 (0.04)  89.92 ( 1.46)  89.52 ( 2.96)  0.45 (0.06) poly.2  57.18 
639    0.66 (0.08)   0.73 (0.03)  98.98 ( 0.35)  95.38 ( 5.34)  0.17 (0.12) poly.3  44.75 
640   18.25 (0.39)  18.20 (0.16)  96.52 ( 0.35)  89.80 ( 3.36) -0.32 (0.06) poly.3  99.34 
641    1.92 (0.14)   1.98 (0.05)  98.99 ( 0.22)  98.97 ( 0.45) -0.13 (0.06) poly.2  57.57 
642    0.12 (0.03)   0.13 (0.02)  99.90 ( 0.12)  24.25 (33.62)  0.90 (0.28) poly.3  98.02 
643    6.50 (0.25)   6.18 (0.10)  93.67 ( 0.78)  67.95 (10.02)  0.27 (0.08) poly.3 100.00 
644   14.34 (0.35)  13.70 (0.14)  98.81 ( 0.15)  96.86 ( 1.44) -0.49 (0.06) poly.3  84.22 
645   80.25 (0.40)  80.12 (0.14)  99.68 ( 0.03)  99.67 ( 0.06) -1.78 (0.02) poly.2  56.97 
646    5.57 (0.23)   5.48 (0.10)  98.81 ( 0.19)  96.12 ( 2.37) -0.22 (0.07) poly.3  74.14 
647    5.55 (0.23)   5.92 (0.09)  95.82 ( 0.48)  96.47 ( 1.09) -0.11 (0.06) poly.2  50.68 
648   16.21 (0.37)  16.32 (0.15)  74.17 ( 1.51)  40.56 ( 7.01)  0.39 (0.05) poly.3 100.00 
649    0.45 (0.07)   0.58 (0.03)  91.49 ( 2.15)  60.38 (21.25)  0.83 (0.16) poly.3  76.66 
650    0.64 (0.08)   0.73 (0.03)  96.02 ( 1.02)  94.15 ( 3.94)  0.38 (0.09) poly.2  52.26 
651    0.43 (0.07)   0.57 (0.03)  95.46 ( 1.23)  97.40 ( 1.44)  0.30 (0.15) poly.2  41.19 
652    1.54 (0.12)   1.71 (0.05)  97.70 ( 0.46)  97.40 ( 1.20)  0.07 (0.06) poly.2  56.21 
653   21.94 (0.41)  21.58 (0.16)  80.56 ( 1.20)  63.46 ( 6.28)  0.09 (0.05) poly.3  99.84 
654   14.84 (0.36)  14.73 (0.13)  93.47 ( 0.50)  93.66 ( 1.26) -0.24 (0.04) poly.2  56.98 
655   13.73 (0.34)  13.57 (0.14)  91.07 ( 0.75)  96.18 ( 1.59) -0.27 (0.08) poly.3  52.19 
656   16.28 (0.37)  16.01 (0.15)  92.77 ( 0.64)  83.33 ( 4.71) -0.11 (0.06) poly.3  98.12 
657   10.25 (0.30)  10.21 (0.12)  99.10 ( 0.12)  97.93 ( 1.05) -0.48 (0.05) poly.3  67.22 
658    8.49 (0.28)   8.65 (0.11)  91.04 ( 0.75)  92.28 ( 1.83) -0.02 (0.05) poly.2  48.09 
659    0.71 (0.08)   0.74 (0.04)  97.48 ( 0.80)  46.81 (28.44)  0.74 (0.19) poly.3  97.18 
660    0.00 (0.00)   0.00 (0.00)  64.52 (42.98)   4.08 ( 4.50)  2.56 (0.50) poly.3  84.67 
661    0.00 (0.00)   0.01 (0.00)  54.70 (24.13)  18.46 (10.53)  2.16 (0.35) poly.3  66.39 
662   15.93 (0.37)  15.79 (0.14)  98.46 ( 0.16)  98.66 ( 0.36) -0.60 (0.04) poly.2  51.57 
663    8.53 (0.28)   8.52 (0.12)  97.47 ( 0.33)  89.26 ( 4.69) -0.11 (0.07) poly.3  98.72 
664    0.85 (0.09)   0.90 (0.04)  97.15 ( 0.78)  79.50 (15.78)  0.47 (0.14) poly.3  75.57 
665   28.71 (0.45)  29.23 (0.17)  84.62 ( 0.83)  81.16 ( 2.92) -0.20 (0.03) poly.3  58.46 
666   11.33 (0.32)  10.99 (0.13)  95.05 ( 0.50)  98.58 ( 0.77) -0.39 (0.09) poly.3  54.42 
667    7.03 (0.26)   7.22 (0.11)  92.28 ( 0.84)  79.88 ( 6.91)  0.16 (0.07) poly.3  95.05 
668    4.61 (0.21)   4.45 (0.08)  94.62 ( 0.68)  90.40 ( 3.93)  0.11 (0.06) poly.3  57.28 
669   62.02 (0.49)  62.17 (0.18)  94.22 ( 0.39)  95.38 ( 0.99) -0.98 (0.04) poly.3  35.46 
670    2.21 (0.15)   2.17 (0.05)  84.00 ( 1.78)  85.93 ( 4.19)  0.49 (0.08) poly.2  52.85 
671    5.93 (0.24)   5.70 (0.10)  94.94 ( 0.60)  99.49 ( 0.39) -0.36 (0.13) poly.3  55.95 
672    0.03 (0.02)   0.05 (0.01)  98.16 ( 2.17)  12.72 (16.58)  1.44 (0.31) poly.3  94.49 
673    2.98 (0.17)   2.98 (0.06)  94.65 ( 0.73)  94.97 ( 1.82)  0.13 (0.07) poly.2  56.87 
674   33.80 (0.47)  33.42 (0.18)  99.01 ( 0.09)  98.51 ( 0.47) -0.92 (0.03) poly.3  58.28 
675    0.16 (0.04)   0.20 (0.02)  99.52 ( 0.37)  35.52 (36.09)  0.87 (0.26) poly.3  94.49 
676    7.12 (0.26)   7.03 (0.10)  96.70 ( 0.40)  98.24 ( 0.74) -0.28 (0.08) poly.3  40.73 
677    0.26 (0.05)   0.26 (0.02)  98.32 ( 0.89)  47.49 (33.16)  0.85 (0.23) poly.3  88.01 
678    8.90 (0.28)   8.90 (0.12)  94.34 ( 0.63)  83.83 ( 5.74)  0.03 (0.07) poly.3  97.06 
679    4.17 (0.20)   4.24 (0.07)  96.25 ( 0.47)  96.17 ( 0.93) -0.03 (0.04) poly.2  57.46 
680    2.30 (0.15)   2.17 (0.05)  95.97 ( 0.65)  95.63 ( 1.52)  0.14 (0.05) poly.2  56.45 
681    0.07 (0.03)   0.08 (0.01)  85.31 ( 6.75)  65.16 (20.44)  1.20 (0.20) poly.3  42.25 
682   15.67 (0.36)  15.67 (0.15)  99.61 ( 0.05)  98.58 ( 0.76) -0.72 (0.06) poly.3  91.16 
683   29.08 (0.45)  28.87 (0.17)  98.00 ( 0.17)  98.39 ( 0.40) -0.78 (0.04) poly.2  40.57 
684    8.84 (0.28)   8.99 (0.12)  98.92 ( 0.15)  99.77 ( 0.15) -0.65 (0.09) poly.3  59.60 
685    0.22 (0.05)   0.32 (0.02)  96.19 ( 1.67)   8.48 (14.14)  1.27 (0.25) poly.3  99.40 
686    0.49 (0.07)   0.56 (0.03)  99.47 ( 0.22)  99.24 ( 0.85)  0.01 (0.10) poly.2  55.75 
687    0.83 (0.09)   0.76 (0.04)  95.34 ( 1.36)   6.67 ( 9.84)  1.17 (0.20) poly.3 100.00 
688    0.45 (0.07)   0.45 (0.02)  82.75 ( 3.38)  79.18 ( 8.44)  0.86 (0.09) poly.2  53.56 
689    1.33 (0.11)   1.50 (0.04)  86.18 ( 1.78)  85.70 ( 3.54)  0.55 (0.06) poly.2  57.17 
690   10.64 (0.31)  10.45 (0.11)  98.18 ( 0.20)  97.91 ( 0.55) -0.41 (0.03) poly.2  52.44 
691   21.90 (0.41)  21.29 (0.15)  85.59 ( 0.86)  81.59 ( 3.24) -0.09 (0.04) poly.3  61.19 
692    0.03 (0.02)   0.05 (0.01)  62.25 (12.31)  38.99 (15.66)  1.67 (0.23) poly.3  48.10 
693    1.55 (0.12)   1.58 (0.05)  96.11 ( 0.81)  80.18 (12.48)  0.40 (0.12) poly.3  82.26 
694   16.53 (0.37)  16.42 (0.13)  97.99 ( 0.18)  97.69 ( 0.53) -0.52 (0.03) poly.2  50.48 
695    0.02 (0.01)   0.02 (0.01)  80.41 (14.86)  22.13 (12.02)  1.82 (0.32) poly.3  75.53 
696    0.50 (0.07)   0.52 (0.03)  96.73 ( 1.01)  96.85 ( 2.46)  0.35 (0.13) poly.2  57.16 
697    0.00 (0.00)   0.01 (0.00)  61.14 (26.13)  14.31 ( 8.43)  2.20 (0.37) poly.3  74.91 
698   11.84 (0.32)  11.85 (0.12)  98.69 ( 0.15)  98.78 ( 0.36) -0.53 (0.04) poly.2  56.29 
699    7.62 (0.27)   7.28 (0.11)  97.61 ( 0.31)  99.02 ( 0.49) -0.38 (0.08) poly.3  50.17 
700    1.53 (0.12)   1.40 (0.05)  98.14 ( 0.43)  98.27 ( 1.05)  0.04 (0.09) poly.2  57.06 
701   30.69 (0.46)  31.36 (0.18)  91.66 ( 0.54)  93.29 ( 1.41) -0.49 (0.05) sing.3  34.59 
702    1.81 (0.13)   1.93 (0.05)  82.58 ( 1.93)  79.07 ( 5.43)  0.59 (0.06) poly.2  48.82 
703   19.39 (0.40)  18.79 (0.14)  93.04 ( 0.45)  93.07 ( 0.82) -0.30 (0.02) poly.2  57.57 
704    0.18 (0.04)   0.28 (0.02)  96.13 ( 1.45)  97.54 ( 1.69)  0.41 (0.17) poly.2  48.52 
705    2.99 (0.17)   3.03 (0.07)  97.51 ( 0.41)  96.04 ( 2.04)  0.00 (0.06) poly.2  44.95 
706   14.62 (0.35)  14.53 (0.13)  98.46 ( 0.16)  98.66 ( 0.37) -0.57 (0.04) poly.2  51.22 
707    0.10 (0.03)   0.17 (0.02)  97.28 ( 1.53)  61.59 (28.78)  0.86 (0.22) poly.3  70.32 
708    0.83 (0.09)   0.89 (0.04)  97.36 ( 0.77)  48.70 (26.80)  0.70 (0.18) poly.3  98.14 
709    7.33 (0.26)   7.62 (0.11)  99.58 ( 0.06)  99.70 ( 0.12) -0.65 (0.06) poly.2  44.53 
710   14.26 (0.35)  14.03 (0.14)  95.37 ( 0.44)  91.84 ( 2.61) -0.24 (0.05) poly.3  74.24 
711    0.40 (0.06)   0.54 (0.03)  98.51 ( 0.54)  95.44 ( 5.15)  0.27 (0.11) poly.2  46.18 
712    0.94 (0.10)   0.99 (0.04)  99.54 ( 0.17)  87.17 (13.68)  0.19 (0.16) poly.3  84.05 
713   18.97 (0.39)  18.37 (0.14)  65.76 ( 1.22)  64.46 ( 2.61)  0.26 (0.03) poly.2  51.96 
714   15.18 (0.36)  15.23 (0.13)  98.40 ( 0.16)  98.55 ( 0.39) -0.57 (0.04) poly.2  54.55 
715    0.27 (0.05)   0.27 (0.02)  96.83 ( 1.51)  24.98 (26.91)  1.09 (0.24) poly.3  95.04 
716    0.06 (0.02)   0.05 (0.01)  96.50 ( 3.61)  11.48 (13.33)  1.54 (0.31) poly.3  93.70 
717    0.04 (0.02)   0.07 (0.01)  95.69 ( 3.08)  74.99 (22.62)  0.94 (0.22) poly.3  47.78 
718    0.29 (0.05)   0.31 (0.02)  98.01 ( 0.82)  99.01 ( 0.64)  0.19 (0.18) poly.2  40.01 
719    0.04 (0.02)   0.05 (0.01)  99.74 ( 0.44)   5.46 (11.39)  1.36 (0.31) poly.3  99.05 
720    8.60 (0.28)   8.57 (0.11)  99.12 ( 0.12)  99.24 ( 0.27) -0.52 (0.05) poly.2  53.60 
721    0.22 (0.05)   0.20 (0.02)  93.19 ( 2.73)  68.59 (21.76)  0.90 (0.18) poly.3  56.39 
722    7.63 (0.27)   7.01 (0.10)  90.28 ( 0.92)  84.42 ( 4.63)  0.15 (0.05) poly.3  65.47 
723    9.87 (0.30)   9.44 (0.13)  97.26 ( 0.35)  88.83 ( 4.61) -0.13 (0.07) poly.3  99.15 
724   12.75 (0.33)  12.85 (0.12)  88.22 ( 0.74)  87.69 ( 1.58) -0.02 (0.03) poly.2  55.02 
725    8.11 (0.27)   7.91 (0.10)  51.71 ( 1.82)  54.99 ( 5.22)  0.66 (0.05) poly.2  47.30 
726    0.30 (0.05)   0.35 (0.02)  94.31 ( 1.89)  79.51 (15.91)  0.71 (0.15) poly.3  50.19 
727    0.01 (0.01)   0.04 (0.01)  94.80 ( 5.40)   5.21 ( 5.99)  1.75 (0.32) poly.3  96.47 
728   15.25 (0.36)  15.56 (0.14)  83.81 ( 1.01)  79.11 ( 3.79)  0.05 (0.04) poly.3  61.05 
729    0.12 (0.03)   0.10 (0.01)  99.09 ( 0.90)  11.87 (19.11)  1.26 (0.29) poly.3  97.49 
730    0.07 (0.03)   0.08 (0.01)  99.31 ( 0.79)  10.63 (17.84)  1.28 (0.29) poly.3  97.69 
731   39.34 (0.49)  39.73 (0.19)  73.27 ( 1.17)  66.49 ( 4.32) -0.13 (0.04) poly.3  76.55 
732    0.14 (0.04)   0.15 (0.01)  92.23 ( 3.40)  69.53 (21.26)  0.96 (0.19) poly.3  50.84 
733   14.06 (0.35)  14.01 (0.13)  96.55 ( 0.31)  96.78 ( 0.76) -0.38 (0.04) poly.2  55.46 
734    3.22 (0.18)   3.50 (0.08)  98.36 ( 0.29)  94.22 ( 3.80) -0.04 (0.08) poly.3  71.49 
735   16.33 (0.37)  16.05 (0.15)  96.59 ( 0.34)  93.12 ( 2.38) -0.34 (0.05) poly.3  83.17 
736    3.43 (0.18)   3.47 (0.07)  98.24 ( 0.29)  98.74 ( 0.53) -0.20 (0.08) poly.2  45.76 
737    0.03 (0.02)   0.03 (0.01)  90.92 ( 9.64)   6.14 ( 4.89)  1.90 (0.33) poly.3  94.36 
738   11.88 (0.32)  12.35 (0.12)  78.10 ( 1.21)  80.14 ( 3.19)  0.17 (0.05) poly.2  47.83 
739    0.05 (0.02)   0.05 (0.01)  99.43 ( 0.82)   5.23 (10.37)  1.42 (0.31) poly.3  98.80 
740    1.11 (0.10)   1.36 (0.05)  80.02 ( 2.84)  48.07 (16.12)  0.90 (0.12) poly.3  89.27 
741    0.35 (0.06)   0.36 (0.02)  97.92 ( 0.79)  99.12 ( 0.53)  0.13 (0.19) sing.3  36.32 
742    0.18 (0.04)   0.23 (0.02)  98.34 ( 0.84)  95.60 ( 5.74)  0.42 (0.14) poly.2  50.59 
743    3.05 (0.17)   3.12 (0.06)  98.60 ( 0.24)  98.44 ( 0.62) -0.16 (0.05) poly.2  56.11 
744   42.29 (0.49)  42.74 (0.20)  90.03 ( 0.64)  93.80 ( 1.71) -0.64 (0.06) poly.3  50.33 
745    0.00 (0.00)   0.01 (0.00)  99.39 ( 1.45)   3.43 ( 5.32)  1.71 (0.38) poly.3  98.04 
746    0.09 (0.03)   0.08 (0.01)  96.17 ( 2.92)  39.55 (28.03)  1.19 (0.26) poly.3  78.52 
747    5.99 (0.24)   6.03 (0.10)  98.50 ( 0.23)  95.51 ( 2.53) -0.20 (0.07) poly.3  75.33 
748    0.99 (0.10)   0.89 (0.04)  99.44 ( 0.20)  93.30 ( 7.93)  0.12 (0.13) poly.3  63.88 
749    4.84 (0.21)   4.85 (0.09)  88.79 ( 1.21)  99.87 ( 0.11) -0.23 (0.07) poly.3 100.00 
750    0.63 (0.08)   0.73 (0.03)  84.90 ( 2.63)  93.57 ( 3.49)  0.51 (0.16) poly.3  41.35 
751   16.51 (0.37)  17.26 (0.14)  97.77 ( 0.21)  98.19 ( 0.48) -0.56 (0.05) poly.2  43.85 
752   73.23 (0.44)  72.61 (0.17)  92.77 ( 0.57)  80.88 ( 4.04) -0.88 (0.05) poly.3 100.00 
753    1.60 (0.13)   1.66 (0.05)  99.53 ( 0.13)  99.62 ( 0.25) -0.26 (0.10) poly.2  54.94 
754    0.08 (0.03)   0.11 (0.01)  99.91 ( 0.12)  16.60 (27.37)  1.00 (0.28) poly.3  98.74 
755    1.25 (0.11)   1.40 (0.05)  99.28 ( 0.22)  74.59 (19.66)  0.32 (0.16) poly.3  97.79 
756    0.01 (0.01)   0.01 (0.01)  96.15 ( 6.71)   3.49 ( 3.38)  1.93 (0.36) poly.3  96.88 
757    1.11 (0.10)   1.20 (0.04)  95.63 ( 0.89)  96.62 ( 1.66)  0.23 (0.10) poly.2  51.62 
758    0.01 (0.01)   0.01 (0.00)  99.32 ( 1.60)   3.12 ( 4.86)  1.72 (0.37) poly.3  98.21 
759   28.74 (0.45)  29.00 (0.16)  89.17 ( 0.57)  88.65 ( 1.25) -0.33 (0.02) poly.2  53.49 
760   29.10 (0.45)  29.39 (0.18)  85.30 ( 0.88)  90.42 ( 2.46) -0.34 (0.06) poly.3  51.15 
761   29.88 (0.46)  29.89 (0.18)  75.73 ( 1.27)  53.98 ( 6.09)  0.06 (0.05) poly.3 100.00 
762   15.83 (0.37)  15.63 (0.13)  99.38 ( 0.07)  99.38 ( 0.13) -0.75 (0.03) poly.2  57.60 
763    0.34 (0.06)   0.45 (0.03)  94.26 ( 1.84)  40.82 (27.36)  0.96 (0.20) poly.3  91.40 
764    4.11 (0.20)   3.91 (0.08)  91.72 ( 1.00)  98.15 ( 1.25) -0.06 (0.13) poly.3  50.24 
765    1.10 (0.10)   1.30 (0.04)  77.04 ( 2.69)  83.54 ( 5.88)  0.66 (0.11) poly.2  38.38 
766   26.31 (0.44)  26.16 (0.17)  90.91 ( 0.62)  87.31 ( 2.69) -0.30 (0.04) poly.3  69.04 
767    0.02 (0.01)   0.04 (0.01)  79.49 (12.26)  14.07 ( 8.15)  1.85 (0.31) poly.3  85.36 
768    0.00 (0.00)   0.01 (0.00)  92.27 (13.78)   5.33 ( 4.12)  2.09 (0.42) poly.3  92.81 
769    3.77 (0.19)   3.72 (0.07)  93.17 ( 0.77)  93.10 ( 1.48)  0.15 (0.04) poly.2  57.56 
770   16.30 (0.37)  16.60 (0.14)  86.44 ( 0.84)  88.23 ( 2.18) -0.09 (0.04) poly.2  43.17 
771    3.52 (0.18)   3.64 (0.08)  97.39 ( 0.45)  81.62 ( 9.70)  0.18 (0.10) poly.3  98.49 
772   23.72 (0.43)  23.10 (0.15)  97.57 ( 0.19)  97.32 ( 0.50) -0.61 (0.03) poly.2  52.00 
773    0.05 (0.02)   0.09 (0.01)  92.42 ( 4.04)  75.65 (19.71)  0.98 (0.20) poly.2  42.62 
774    4.20 (0.20)   4.48 (0.08)  90.42 ( 1.08)  98.95 ( 0.74) -0.13 (0.11) poly.3  73.37 
775    1.78 (0.13)   1.88 (0.06)  96.14 ( 0.77)  75.33 (14.18)  0.42 (0.12) poly.3  92.74 
776    0.66 (0.08)   0.75 (0.03)  95.74 ( 1.05)  95.42 ( 2.29)  0.36 (0.08) poly.2  57.17 
777    5.72 (0.23)   5.54 (0.10)  93.03 ( 0.84)  81.46 ( 7.11)  0.20 (0.07) poly.3  90.69 
778    0.11 (0.03)   0.15 (0.02)  99.11 ( 0.76)   2.48 ( 6.10)  1.39 (0.28) poly.3  99.81 
779    0.16 (0.04)   0.26 (0.02)  98.46 ( 0.73)  99.11 ( 0.67)  0.21 (0.18) poly.2  47.44 
780    9.07 (0.29)   9.10 (0.11)  97.61 ( 0.27)  98.39 ( 0.56) -0.38 (0.06) sing.3  34.14 
781   14.03 (0.35)  13.70 (0.14)  98.10 ( 0.22)  99.84 ( 0.11) -0.76 (0.08) poly.3  74.44 
782    0.11 (0.03)   0.15 (0.02)  99.98 ( 0.02)  83.14 (25.59)  0.27 (0.24) poly.3  83.07 
783    2.35 (0.15)   2.16 (0.05)  83.02 ( 1.77)  81.58 ( 3.99)  0.55 (0.05) poly.2  54.61 
784    1.30 (0.11)   1.53 (0.06)  99.07 ( 0.26)  71.41 (20.04)  0.35 (0.15) poly.3  98.73 
785    1.73 (0.13)   1.90 (0.06)  97.16 ( 0.59)  85.35 ( 9.79)  0.28 (0.11) poly.3  80.90 
786    2.25 (0.15)   2.20 (0.06)  97.66 ( 0.44)  96.36 ( 2.06)  0.05 (0.06) poly.2  47.97 
787    0.01 (0.01)   0.00 (0.00)  97.17 ( 5.58)   4.10 ( 4.06)  1.98 (0.45) poly.3  95.06 
788    8.88 (0.28)   9.16 (0.11)  88.26 ( 0.92)  90.59 ( 2.28)  0.03 (0.06) poly.2  38.63 
789    3.73 (0.19)   3.81 (0.07)  97.18 ( 0.41)  97.42 ( 0.99) -0.08 (0.06) poly.2  56.29 
790    0.05 (0.02)   0.09 (0.01)  94.08 ( 4.24)   3.19 ( 5.07)  1.68 (0.30) poly.3  98.50 
791    0.00 (0.00)   0.01 (0.00)  71.04 (26.28)   7.19 ( 4.22)  2.28 (0.38) poly.3  87.86 
792   28.27 (0.45)  27.58 (0.18)  96.99 ( 0.28)  99.08 ( 0.42) -0.79 (0.06) poly.3  67.01 
793    0.01 (0.01)   0.01 (0.01) 100.00 ( 0.00)   4.96 (12.40)  1.01 (0.35) poly.3  99.95 
794   24.09 (0.43)  23.72 (0.17)  77.46 ( 1.22)  89.73 ( 2.87) -0.18 (0.07) poly.3  79.23 
795    0.21 (0.05)   0.23 (0.02)  99.59 ( 0.24)  99.92 ( 0.05) -0.26 (0.23) poly.3  43.11 
796    0.00 (0.00)   0.00 (0.00)  10.51 (17.02)   2.74 ( 4.56)  3.01 (0.51) poly.3  60.69 
797    0.02 (0.01)   0.01 (0.00)  97.61 ( 5.21)   3.06 ( 3.13)  1.94 (0.39) poly.3  97.10 
798    0.01 (0.01)   0.01 (0.01)  99.99 ( 0.03)   3.11 ( 7.98)  1.33 (0.36) poly.3  99.73 
799   39.71 (0.49)  39.61 (0.19)  84.32 ( 0.93)  74.54 ( 4.61) -0.29 (0.04) poly.3  97.23 
800    1.31 (0.11)   1.38 (0.04)  96.44 ( 0.72)  94.99 ( 2.78)  0.23 (0.07) poly.2  51.23 
801    0.40 (0.06)   0.57 (0.03)  83.98 ( 3.19)  64.24 (15.66)  0.91 (0.13) poly.3  58.72 
802    2.53 (0.16)   2.68 (0.06)  96.36 ( 0.57)  97.32 ( 1.09)  0.02 (0.08) poly.2  46.37 
803    0.05 (0.02)   0.08 (0.01)  94.10 ( 3.56)  71.68 (22.58)  0.98 (0.21) poly.3  48.48 
804    0.32 (0.06)   0.37 (0.02)  84.63 ( 3.66)  63.95 (17.16)  0.98 (0.14) poly.3  54.38 
805    4.51 (0.21)   4.76 (0.08)  93.17 ( 0.76)  94.82 ( 1.67)  0.04 (0.07) poly.2  42.05 
806    5.67 (0.23)   5.60 (0.10)  95.93 ( 0.54)  88.86 ( 5.05)  0.05 (0.07) poly.3  83.52 
807    0.48 (0.07)   0.45 (0.03)  98.68 ( 0.51)  98.77 ( 1.19)  0.18 (0.14) poly.2  56.66 
808    0.93 (0.10)   0.85 (0.04)  91.90 ( 1.79)  68.79 (17.15)  0.70 (0.13) poly.3  74.41 
809   14.67 (0.35)  14.46 (0.14)  98.71 ( 0.16)  96.81 ( 1.41) -0.50 (0.05) poly.3  82.57 
810    3.69 (0.19)   3.88 (0.08)  97.51 ( 0.37)  98.23 ( 0.70) -0.15 (0.08) poly.2  43.86 
811    0.39 (0.06)   0.37 (0.03)  98.78 ( 0.58)  60.70 (31.11)  0.67 (0.21) poly.3  85.54 
812    0.02 (0.01)   0.02 (0.01)  99.81 ( 0.48)   2.15 ( 4.80)  1.58 (0.35) poly.3  99.38 
813    8.19 (0.27)   8.74 (0.12)  95.84 ( 0.46)  98.83 ( 0.68) -0.39 (0.10) sing.3  57.52 
814    0.48 (0.07)   0.46 (0.03)  86.76 ( 3.09)  65.55 (17.16)  0.90 (0.14) poly.3  58.40 
815    0.02 (0.01)   0.04 (0.01)  96.82 ( 3.37)  26.73 (23.29)  1.37 (0.30) poly.3  84.60 
816   30.86 (0.46)  31.07 (0.18)  85.59 ( 0.92)  71.35 ( 5.24) -0.16 (0.05) poly.3  99.93 
817    0.00 (0.00)   0.00 (0.00)  99.09 ( 1.45)   3.01 ( 4.06)  1.82 (0.47) poly.3  97.25 
818    3.33 (0.18)   3.30 (0.06)  87.18 ( 1.25)  86.73 ( 2.52)  0.36 (0.04) poly.2  56.87 
819    0.11 (0.03)   0.24 (0.02)  93.33 ( 2.62)  49.74 (26.52)  1.01 (0.21) poly.3  75.30 
820   20.00 (0.40)  20.31 (0.16)  83.42 ( 1.10)  57.31 ( 6.78)  0.13 (0.05) poly.3 100.00 
821    0.00 (0.00)   0.00 (0.00)  96.39 ( 7.44)   3.72 ( 3.46)  2.04 (0.45) poly.3  95.10 
822    0.06 (0.02)   0.07 (0.01)  97.17 ( 2.83)   2.92 ( 5.13)  1.64 (0.30) poly.3  98.77 
823    0.00 (0.00)   0.00 (0.00)  63.85 (45.99)   3.39 ( 5.19)  2.62 (0.57) poly.3  79.28 
824    0.31 (0.06)   0.35 (0.02)  96.56 ( 1.21)  97.92 ( 1.32)  0.33 (0.16) poly.2  45.95 
825    0.00 (0.00)   0.00 (0.00)   0.00 ( 0.00)   0.00 ( 0.00)  0.00 (0.00) raw    100.00 
826    0.02 (0.01)   0.02 (0.01)  93.49 ( 8.27)   4.08 ( 3.63)  1.92 (0.34) poly.3  96.37 
827    0.03 (0.02)   0.03 (0.01)  87.93 (10.11)  10.65 ( 7.61)  1.82 (0.32) poly.3  90.22 
828    1.66 (0.13)   1.67 (0.05)  98.55 ( 0.32)  98.29 ( 0.92) -0.01 (0.06) poly.2  55.83 
829    0.01 (0.01)   0.01 (0.00)  62.11 (32.47)   5.65 ( 3.85)  2.44 (0.41) poly.3  87.43 
830    0.12 (0.03)   0.15 (0.02)  94.93 ( 2.54)  59.04 (26.56)  0.97 (0.21) poly.3  65.69 
831    0.02 (0.01)   0.03 (0.01)  99.45 ( 1.04)   1.60 ( 3.58)  1.64 (0.33) poly.3  99.50 
832    0.01 (0.01)   0.01 (0.00)  99.99 ( 0.01)   3.29 ( 8.47)  1.29 (0.38) poly.3  99.76 
833    0.92 (0.10)   1.01 (0.04)  95.88 ( 0.93)  92.65 ( 4.85)  0.35 (0.09) poly.2  46.72 
834    0.00 (0.00)   0.00 (0.00)  52.85 (50.49)   3.01 ( 4.95)  2.72 (0.57) poly.3  76.69 
835   12.94 (0.34)  12.78 (0.14)  88.85 ( 0.93)  77.17 ( 5.93)  0.08 (0.06) poly.3  96.26 
836    1.38 (0.12)   1.39 (0.04)  86.18 ( 1.92)  88.96 ( 4.05)  0.51 (0.09) poly.2  48.75 
837    0.07 (0.03)   0.09 (0.01)  99.50 ( 0.57)  21.01 (28.32)  1.12 (0.29) poly.3  95.42 
838    0.33 (0.06)   0.33 (0.03)  98.37 ( 0.82)  26.13 (29.21)  0.98 (0.24) poly.3  97.30 
839    0.00 (0.00)   0.00 (0.00)   0.19 ( 0.72)   0.06 ( 0.25)  4.23 (0.66) poly.2  35.95 
840    1.71 (0.13)   1.76 (0.05)  49.50 ( 3.28)  71.73 (10.13)  0.84 (0.15) poly.3  50.58 
841    0.33 (0.06)   0.33 (0.02)  96.69 ( 1.23)  95.30 ( 4.14)  0.47 (0.11) poly.2  54.83 
842    0.11 (0.03)   0.11 (0.01)  90.56 ( 4.55)  47.26 (24.04)  1.20 (0.23) poly.3  67.19 
843    8.61 (0.28)   8.86 (0.10)  94.67 ( 0.50)  94.86 ( 1.27) -0.14 (0.04) poly.2  57.05 
844    1.40 (0.12)   1.49 (0.05)  97.88 ( 0.47)  95.66 ( 3.18)  0.13 (0.08) poly.2  44.42 
845    0.67 (0.08)   0.70 (0.03)  85.43 ( 2.63)  93.92 ( 3.34)  0.51 (0.16) poly.3  43.82 
846    0.23 (0.05)   0.43 (0.03)  75.83 ( 4.89)  24.44 (17.26)  1.32 (0.19) poly.3  90.39 
847    8.09 (0.27)   8.44 (0.10)  94.73 ( 0.48)  94.40 ( 1.07) -0.11 (0.03) poly.2  55.48 
848   31.96 (0.47)  32.07 (0.18)  67.98 ( 1.43)  53.30 ( 5.87)  0.10 (0.04) poly.3  98.71 
849    0.33 (0.06)   0.33 (0.02)  97.39 ( 1.08)  80.68 (18.28)  0.60 (0.17) poly.3  57.53 
850    0.35 (0.06)   0.33 (0.02)  94.04 ( 1.94)  86.26 (11.01)  0.66 (0.13) poly.2  45.42 
851    0.49 (0.07)   0.53 (0.03)  98.76 ( 0.50)  72.26 (24.51)  0.53 (0.19) poly.3  82.44 
852    2.58 (0.16)   2.64 (0.06)  96.19 ( 0.61)  97.84 ( 0.97) -0.02 (0.10) sing.3  34.45 
853    4.32 (0.20)   4.48 (0.08)  81.72 ( 1.47)  81.96 ( 3.82)  0.39 (0.05) poly.2  57.49 
854    0.03 (0.02)   0.05 (0.01)  99.03 ( 1.37)   2.69 ( 5.54)  1.58 (0.31) poly.3  99.17 
855    0.01 (0.01)   0.02 (0.01)  64.59 (17.03)  44.93 (20.43)  1.72 (0.28) poly.2  43.98 
856    0.00 (0.00)   0.00 (0.00)   0.00 ( 0.00)   0.00 ( 0.00)  0.00 (0.00) raw    100.00 
857    0.00 (0.00)   0.00 (0.00)   0.00 ( 0.00)   0.00 ( 0.00)  0.00 (0.00) raw    100.00 
858    0.16 (0.04)   0.22 (0.02)  90.57 ( 3.18)  83.74 (11.77)  0.83 (0.14) poly.2  49.99 
859    0.00 (0.00)   0.00 (0.00)  63.85 (45.99)   3.39 ( 5.19)  2.62 (0.57) poly.3  79.28 
860    0.08 (0.03)   0.13 (0.02)  99.75 ( 0.27)   7.63 (15.52)  1.17 (0.28) poly.3  99.46 
861    0.01 (0.01)   0.00 (0.00)  23.37 (38.09)   1.88 ( 3.88)  3.00 (0.59) poly.3  67.70 
862    0.02 (0.01)   0.02 (0.01)  99.31 ( 1.38)   4.31 ( 7.34)  1.61 (0.34) poly.3  98.15 
863    8.81 (0.28)   8.93 (0.12)  92.17 ( 0.73)  95.60 ( 1.63) -0.14 (0.08) poly.3  43.25 
864    0.02 (0.01)   0.01 (0.01)  99.99 ( 0.04)   2.93 ( 7.49)  1.36 (0.36) poly.3  99.70 
865    0.01 (0.01)   0.01 (0.00)  76.27 (28.66)   4.71 ( 3.17)  2.35 (0.41) poly.3  91.14 
866    0.01 (0.01)   0.01 (0.00)  86.49 (20.56)   5.50 ( 3.88)  2.20 (0.41) poly.3  91.48 
867    1.08 (0.10)   1.13 (0.04)  89.41 ( 1.74)  91.29 ( 3.62)  0.48 (0.10) poly.2  52.32 
868    0.00 (0.00)   0.00 (0.00)  34.70 (46.87)   2.36 ( 4.40)  2.88 (0.58) poly.3  71.84 
869    0.42 (0.06)   0.45 (0.03)  98.76 ( 0.53)  75.57 (23.10)  0.52 (0.18) poly.3  76.16 
870    4.47 (0.21)   4.51 (0.08)  92.97 ( 0.80)  95.07 ( 1.70)  0.05 (0.08) poly.2  36.33 
871    0.00 (0.00)   0.00 (0.00)  76.69 (33.30)   3.88 ( 5.46)  2.48 (0.56) poly.3  82.49 
872    1.16 (0.11)   1.33 (0.04)  82.90 ( 2.23)  86.38 ( 4.82)  0.58 (0.10) poly.2  47.83 
873    0.02 (0.01)   0.02 (0.01)  57.37 (20.25)   8.57 ( 3.97)  2.25 (0.34) poly.3  85.96 
874    0.02 (0.01)   0.04 (0.01)  58.94 (12.29)  50.71 (18.35)  1.61 (0.20) poly.2  52.53 
875    5.18 (0.22)   5.29 (0.08)  93.27 ( 0.71)  94.14 ( 1.67)  0.04 (0.06) poly.2  51.99 
876    0.28 (0.05)   0.25 (0.02)  98.28 ( 0.97)  21.14 (26.57)  1.07 (0.25) poly.3  97.15 
877    4.08 (0.20)   4.30 (0.07)  95.37 ( 0.58)  93.91 ( 2.11)  0.04 (0.05) poly.2  47.01 
878    0.68 (0.08)   0.65 (0.04)  99.01 ( 0.39)  57.37 (30.34)  0.60 (0.20) poly.3  95.33 
879    0.29 (0.05)   0.35 (0.03)  90.07 ( 3.33)   0.92 ( 2.28)  1.62 (0.24) poly.3  99.98 
880    0.00 (0.00)   0.00 (0.00)  52.85 (50.49)   3.01 ( 4.95)  2.72 (0.57) poly.3  76.69 
881    1.46 (0.12)   1.43 (0.06)  99.04 ( 0.28)  40.54 (24.87)  0.57 (0.17) poly.3  99.99 
882    0.00 (0.00)   0.00 (0.00)   0.00 ( 0.00)   0.00 ( 0.00)  0.00 (0.00) raw    100.00 
883    0.90 (0.09)   0.99 (0.04)  98.11 ( 0.54)  82.28 (14.70)  0.38 (0.14) poly.3  78.85 
884    0.01 (0.01)   0.06 (0.01)  96.88 ( 2.63)  79.28 (21.60)  0.89 (0.23) poly.3  45.74 
885    0.30 (0.05)   0.27 (0.02)  97.02 ( 1.46)  20.24 (24.62)  1.13 (0.25) poly.3  96.65 
886    0.01 (0.01)   0.01 (0.00)  55.82 (29.08)   9.14 ( 5.78)  2.37 (0.39) poly.3  80.76 
887    0.00 (0.00)   0.01 (0.00) 100.00 ( 0.00)   3.84 ( 9.99)  1.14 (0.40) poly.3  99.88 
888    0.77 (0.09)   0.78 (0.03)  97.58 ( 0.66)  98.54 ( 0.81)  0.13 (0.13) poly.2  44.04 
889    0.25 (0.05)   0.23 (0.02)  97.55 ( 1.23)  68.31 (26.43)  0.75 (0.20) poly.3  67.88 
890    0.01 (0.01)   0.01 (0.00)  99.19 ( 2.01)   2.44 ( 3.42)  1.81 (0.39) poly.3  98.26 
891    0.00 (0.00)   0.00 (0.00)  34.70 (46.87)   2.36 ( 4.40)  2.88 (0.58) poly.3  71.84 
892    0.08 (0.03)   0.10 (0.01)  95.10 ( 2.79)  92.27 ( 8.39)  0.76 (0.17) poly.2  54.53 
893    0.00 (0.00)   0.00 (0.00)  95.45 ( 8.75)   3.80 ( 3.62)  2.10 (0.48) poly.3  94.07 
894    0.38 (0.06)   0.37 (0.03)  96.82 ( 1.31)  32.45 (29.19)  0.98 (0.22) poly.3  95.12 
895    0.03 (0.02)   0.02 (0.01)  99.54 ( 1.02)   2.80 ( 5.36)  1.63 (0.34) poly.3  98.90 
896    0.94 (0.10)   1.12 (0.04)  99.58 ( 0.14)  98.95 ( 1.22) -0.12 (0.09) poly.2  49.01 
897    1.45 (0.12)   1.44 (0.05)  92.87 ( 1.27)  84.62 ( 8.14)  0.45 (0.09) poly.3  53.94 
898    0.01 (0.01)   0.03 (0.01)  69.26 (14.67)  36.99 (16.60)  1.71 (0.27) poly.3  54.62 
899    0.29 (0.05)   0.29 (0.02)  99.41 ( 0.36)  60.31 (33.79)  0.65 (0.23) poly.3  87.04 
900    0.66 (0.08)   0.73 (0.03)  95.00 ( 1.20)  98.13 ( 1.03)  0.19 (0.17) sing.3  41.25 
901   15.34 (0.36)  15.23 (0.14)  90.04 ( 0.73)  92.65 ( 1.87) -0.18 (0.06) poly.3  37.48 
902    0.83 (0.09)   0.85 (0.03)  90.43 ( 1.88)  82.82 ( 8.96)  0.61 (0.10) poly.3  42.82 
903    9.36 (0.29)   9.59 (0.12)  96.49 ( 0.39)  98.45 ( 0.71) -0.37 (0.08) poly.3  47.06 
904    0.02 (0.01)   0.01 (0.01)  98.91 ( 2.47)   2.16 ( 3.14)  1.81 (0.37) poly.3  98.57 
905    0.02 (0.01)   0.02 (0.01)  94.06 ( 8.02)   8.07 ( 6.95)  1.83 (0.35) poly.3  93.02 
906   14.19 (0.35)  14.22 (0.13)  81.53 ( 1.03)  82.63 ( 2.63)  0.07 (0.04) poly.2  53.11 
907    0.00 (0.00)   0.00 (0.00)   0.00 ( 0.00)   0.00 ( 0.00)  0.00 (0.00) raw    100.00 
908    0.00 (0.00)   0.01 (0.00)  99.51 ( 1.12)   4.59 ( 7.26)  1.65 (0.38) poly.3  97.60 
909    0.42 (0.06)   0.43 (0.03)  90.36 ( 2.57)  69.28 (17.93)  0.83 (0.15) poly.3  58.70 
910    0.00 (0.00)   0.00 (0.00)  76.69 (33.30)   3.88 ( 5.46)  2.48 (0.56) poly.3  82.49 
911    0.00 (0.00)   0.00 (0.00)   0.00 ( 0.00)   0.00 ( 0.00)  0.00 (0.00) raw    100.00 
912    7.66 (0.27)   7.56 (0.10)  94.32 ( 0.58)  91.64 ( 2.65) -0.03 (0.05) poly.3  51.62 
913    0.04 (0.02)   0.08 (0.01)  95.91 ( 3.14)  19.49 (19.94)  1.37 (0.28) poly.3  90.19 
914    0.03 (0.02)   0.03 (0.01)  98.82 ( 2.01)   1.11 ( 2.18)  1.76 (0.33) poly.3  99.49 
915    0.04 (0.02)   0.05 (0.01)  89.73 ( 7.63)  18.73 (13.66)  1.62 (0.30) poly.3  85.02 
916    0.00 (0.00)   0.00 (0.00)   0.00 ( 0.00)   0.00 ( 0.00)  0.00 (0.00) raw    100.00 
917    6.58 (0.25)   6.51 (0.11)  95.34 ( 0.59)  82.29 ( 7.05)  0.10 (0.08) poly.3  98.54 
918    0.00 (0.00)   0.00 (0.00)  63.85 (45.99)   3.39 ( 5.19)  2.62 (0.57) poly.3  79.28 
919    0.00 (0.00)   0.00 (0.00)  34.70 (46.87)   2.36 ( 4.40)  2.88 (0.58) poly.3  71.84 
920    3.55 (0.19)   3.74 (0.09)  97.39 ( 0.45)  72.76 (12.37)  0.25 (0.10) poly.3  99.94 
921    0.00 (0.00)   0.00 (0.00)   0.00 ( 0.00)   0.00 ( 0.00)  0.00 (0.00) raw    100.00 
922    0.00 (0.00)   0.00 (0.00)  52.85 (50.49)   3.01 ( 4.95)  2.72 (0.57) poly.3  76.69 
923    0.01 (0.01)   0.00 (0.00)  97.17 ( 5.58)   4.10 ( 4.06)  1.98 (0.45) poly.3  95.06 
924    2.58 (0.16)   2.38 (0.05)  86.80 ( 1.44)  86.75 ( 2.67)  0.43 (0.05) poly.2  57.60 
925    5.65 (0.23)   5.74 (0.10)  95.02 ( 0.65)  82.75 ( 7.15)  0.14 (0.08) poly.3  96.21 
926    2.41 (0.15)   2.50 (0.06)  83.37 ( 1.72)  84.34 ( 4.27)  0.48 (0.07) poly.2  56.30 
927    0.05 (0.02)   0.06 (0.01)  61.93 (10.45)  52.14 (17.04)  1.52 (0.18) poly.2  50.70 
928    0.00 (0.00)   0.00 (0.00)   0.00 ( 0.00)   0.00 ( 0.00)  0.00 (0.00) raw    100.00 
929    0.00 (0.00)   0.00 (0.00)   0.00 ( 0.00)   0.00 ( 0.00)  0.00 (0.00) raw    100.00 
930    0.05 (0.02)   0.05 (0.01)  91.86 ( 6.17)  41.18 (23.58)  1.36 (0.27) poly.3  69.40 
931    0.04 (0.02)   0.07 (0.01)  93.68 ( 5.22)   1.47 ( 2.23)  1.83 (0.31) poly.3  99.12 
932    1.36 (0.12)   1.33 (0.05)  93.01 ( 1.25)  96.67 ( 1.68)  0.23 (0.13) poly.3  40.98 
933    1.01 (0.10)   1.11 (0.04)  66.20 ( 3.38)  57.74 ( 9.01)  0.99 (0.08) poly.3  42.64 
934    0.00 (0.00)   0.00 (0.00)  53.62 (42.95)   5.21 ( 5.80)  2.59 (0.48) poly.3  79.11 
935    0.01 (0.01)   0.02 (0.01)  76.02 (17.58)   6.96 ( 3.65)  2.12 (0.34) poly.3  91.13 
936    0.00 (0.00)   0.00 (0.00)   0.00 ( 0.00)   0.00 ( 0.00)  0.00 (0.00) raw    100.00 
937    0.00 (0.00)   0.00 (0.00)   0.00 ( 0.00)   0.00 ( 0.00)  0.00 (0.00) raw    100.00 
938    0.00 (0.00)   0.00 (0.00)   0.00 ( 0.00)   0.00 ( 0.00)  0.00 (0.00) raw    100.00 
939    0.01 (0.01)   0.00 (0.00)  42.76 (43.29)   3.60 ( 4.49)  2.73 (0.50) poly.3  80.26 
940    0.77 (0.09)   0.77 (0.04)  92.15 ( 1.77)  74.98 (14.74)  0.66 (0.12) poly.3  63.08 
941    0.42 (0.06)   0.41 (0.03)  99.07 ( 0.47)  29.18 (31.17)  0.87 (0.23) poly.3  98.37 
942    0.00 (0.00)   0.00 (0.00)  28.84 (35.67)   3.32 ( 4.55)  2.84 (0.50) poly.3  75.67 
943    0.05 (0.02)   0.06 (0.01)  66.61 (11.34)  36.95 (15.26)  1.64 (0.24) poly.3  55.20 
944    0.00 (0.00)   0.00 (0.00)  76.69 (33.30)   3.88 ( 5.46)  2.48 (0.56) poly.3  82.49 
945    0.00 (0.00)   0.00 (0.00)   0.00 ( 0.00)   0.00 ( 0.00)  0.00 (0.00) raw    100.00 
946    0.00 (0.00)   0.00 (0.00)   0.00 ( 0.00)   0.00 ( 0.00)  0.00 (0.00) raw    100.00 
947    0.11 (0.03)   0.09 (0.01)  94.36 ( 3.89)  14.59 (15.75)  1.46 (0.28) poly.3  92.32 
948    0.00 (0.00)   0.00 (0.00)  99.72 ( 0.39)   2.85 ( 5.25)  1.63 (0.46) poly.3  98.49 
949    0.00 (0.00)   0.00 (0.00)   0.00 ( 0.00)   0.00 ( 0.00)  0.00 (0.00) raw    100.00 
950    0.00 (0.00)   0.00 (0.00)   0.00 ( 0.00)   0.00 ( 0.00)  0.00 (0.00) raw    100.00 
951    0.37 (0.06)   0.52 (0.03)  80.06 ( 3.46)  84.37 ( 6.81)  0.80 (0.13) poly.2  49.92 
952    0.23 (0.05)   0.24 (0.02)  95.09 ( 2.33)   4.65 ( 8.95)  1.42 (0.26) poly.3  99.53 
953    0.00 (0.00)   0.00 (0.00)   0.00 ( 0.00)   0.00 ( 0.00)  0.00 (0.00) raw    100.00 
954    0.01 (0.01)   0.00 (0.00)  43.56 (38.03)   4.32 ( 4.25)  2.67 (0.45) poly.3  82.82 
955    0.00 (0.00)   0.00 (0.00)   0.00 ( 0.00)   0.00 ( 0.00)  0.00 (0.00) raw    100.00 
956    0.68 (0.08)   0.61 (0.03)  92.56 ( 1.83)  79.35 (13.25)  0.66 (0.12) poly.3  52.59 
957    0.01 (0.01)   0.02 (0.01)  90.89 (10.98)   5.18 ( 3.87)  1.97 (0.35) poly.3  94.80 
958    0.08 (0.03)   0.10 (0.01)  90.81 ( 4.15)  91.46 ( 7.86)  0.85 (0.19) poly.2  56.62 
959    0.57 (0.08)   0.56 (0.03)  98.98 ( 0.38)  98.79 ( 1.32)  0.12 (0.13) poly.2  56.67 
960    0.00 (0.00)   0.00 (0.00)   0.00 ( 0.00)   0.00 ( 0.00)  0.00 (0.00) raw    100.00 
961    0.00 (0.00)   0.00 (0.00)   0.00 ( 0.00)   0.00 ( 0.00)  0.00 (0.00) raw    100.00 
962    0.38 (0.06)   0.38 (0.03)  96.53 ( 1.36)  41.67 (29.88)  0.92 (0.21) poly.3  91.72 
963    0.00 (0.00)   0.00 (0.00)   0.00 ( 0.00)   0.00 ( 0.00)  0.00 (0.00) raw    100.00 
964    0.00 (0.00)   0.00 (0.00)  63.85 (45.99)   3.39 ( 5.19)  2.62 (0.57) poly.3  79.28 
965    0.01 (0.01)   0.01 (0.00)  66.44 (28.21)   9.36 ( 5.81)  2.28 (0.39) poly.3  83.05 
966    0.00 (0.00)   0.00 (0.00)   0.00 ( 0.00)   0.00 ( 0.00)  0.00 (0.00) raw    100.00 
967    0.00 (0.00)   0.00 (0.00)  63.85 (45.99)   3.39 ( 5.19)  2.62 (0.57) poly.3  79.28 
968    0.00 (0.00)   0.00 (0.00)   0.00 ( 0.00)   0.00 ( 0.00)  0.00 (0.00) raw    100.00 
969    0.00 (0.00)   0.00 (0.00)   0.00 ( 0.00)   0.00 ( 0.00)  0.00 (0.00) raw    100.00 
970    0.31 (0.06)   0.39 (0.03)  95.79 ( 1.61)  20.33 (23.52)  1.11 (0.23) poly.3  98.04 
971    0.22 (0.05)   0.27 (0.02)  85.32 ( 3.71)  90.22 ( 5.34)  0.76 (0.17) poly.2  45.65 
972    0.00 (0.00)   0.00 (0.00)   0.00 ( 0.00)   0.00 ( 0.00)  0.00 (0.00) raw    100.00 
973    1.67 (0.13)   1.47 (0.05)  81.74 ( 2.25)  86.51 ( 4.81)  0.56 (0.10) poly.2  41.54 
974    1.18 (0.11)   1.27 (0.05)  97.77 ( 0.55)  90.36 ( 7.83)  0.25 (0.11) poly.3  61.45 
975    0.00 (0.00)   0.00 (0.00)  76.69 (33.30)   3.88 ( 5.46)  2.48 (0.56) poly.3  82.49 
976    0.00 (0.00)   0.00 (0.00)  76.69 (33.30)   3.88 ( 5.46)  2.48 (0.56) poly.3  82.49 
977    1.77 (0.13)   1.69 (0.05)  89.81 ( 1.44)  87.28 ( 4.40)  0.45 (0.06) poly.2  50.38 
978    0.00 (0.00)   0.00 (0.00)   0.00 ( 0.00)   0.00 ( 0.00)  0.00 (0.00) raw    100.00 
979    0.00 (0.00)   0.00 (0.00)   0.00 ( 0.00)   0.00 ( 0.00)  0.00 (0.00) raw    100.00 
980    0.00 (0.00)   0.00 (0.00)   0.00 ( 0.00)   0.00 ( 0.00)  0.00 (0.00) raw    100.00 
981    0.00 (0.00)   0.00 (0.00)   0.00 ( 0.00)   0.00 ( 0.00)  0.00 (0.00) raw    100.00 
982    0.00 (0.00)   0.00 (0.00)  52.85 (50.49)   3.01 ( 4.95)  2.72 (0.57) poly.3  76.69 
983    0.00 (0.00)   0.00 (0.00)   0.00 ( 0.00)   0.00 ( 0.00)  0.00 (0.00) raw    100.00 
984    9.15 (0.29)   9.55 (0.10)  96.20 ( 0.35)  96.17 ( 0.67) -0.23 (0.03) poly.2  57.55 
985    0.00 (0.00)   0.00 (0.00)  71.55 (39.10)   4.28 ( 4.56)  2.49 (0.50) poly.3  85.81 
986    0.04 (0.02)   0.05 (0.01)  94.29 ( 5.68)   2.24 ( 2.84)  1.84 (0.32) poly.3  98.46 
987    0.42 (0.06)   0.46 (0.03)  93.90 ( 1.87)  59.67 (23.94)  0.83 (0.17) poly.3  77.83 
988    0.00 (0.00)   0.00 (0.00)   0.00 ( 0.00)   0.00 ( 0.00)  0.00 (0.00) raw    100.00 
989    0.00 (0.00)   0.00 (0.00)  63.85 (45.99)   3.39 ( 5.19)  2.62 (0.57) poly.3  79.28 
990    0.01 (0.01)   0.00 (0.00)  34.96 (34.12)   4.52 ( 4.66)  2.72 (0.45) poly.3  79.35 
991    0.00 (0.00)   0.00 (0.00)   0.00 ( 0.00)   0.00 ( 0.00)  0.00 (0.00) raw    100.00 
992    0.00 (0.00)   0.00 (0.00)   0.00 ( 0.00)   0.00 ( 0.00)  0.00 (0.00) raw    100.00 
993    0.00 (0.00)   0.00 (0.00)   0.00 ( 0.00)   0.00 ( 0.00)  0.00 (0.00) raw    100.00 
994    0.00 (0.00)   0.00 (0.00)   0.00 ( 0.00)   0.00 ( 0.00)  0.00 (0.00) raw    100.00 
995    0.00 (0.00)   0.00 (0.00)   0.00 ( 0.00)   0.00 ( 0.00)  0.00 (0.00) raw    100.00 
996    0.00 (0.00)   0.00 (0.00)   0.00 ( 0.00)   0.00 ( 0.00)  0.00 (0.00) raw    100.00 
997    0.00 (0.00)   0.00 (0.00)   0.00 ( 0.00)   0.00 ( 0.00)  0.00 (0.00) raw    100.00 
998    0.01 (0.01)   0.01 (0.00)  99.99 ( 0.02)   3.16 ( 8.11)  1.32 (0.38) poly.3  99.73 
999    0.00 (0.00)   0.00 (0.00)   0.00 ( 0.00)   0.00 ( 0.00)  0.00 (0.00) raw    100.00 
1000   0.00 (0.00)   0.00 (0.00)   0.00 ( 0.00)   0.00 ( 0.00)  0.00 (0.00) raw    100.00 
1001   0.00 (0.00)   0.00 (0.00)   0.00 ( 0.00)   0.00 ( 0.00)  0.00 (0.00) raw    100.00 
1002   0.00 (0.00)   0.00 (0.00)   0.00 ( 0.00)   0.00 ( 0.00)  0.00 (0.00) raw    100.00 
1003   0.00 (0.00)   0.00 (0.00)   0.00 ( 0.00)   0.00 ( 0.00)  0.00 (0.00) raw    100.00 
1004   0.00 (0.00)   0.01 (0.00)  37.76 (21.80)  20.75 (13.71)  2.23 (0.34) poly.3  48.63 
1005   0.00 (0.00)   0.00 (0.00)   0.00 ( 0.00)   0.00 ( 0.00)  0.00 (0.00) raw    100.00 
1006   0.00 (0.00)   0.00 (0.00)   0.00 ( 0.00)   0.00 ( 0.00)  0.00 (0.00) raw    100.00 
1007   0.00 (0.00)   0.00 (0.00)   0.00 ( 0.00)   0.00 ( 0.00)  0.00 (0.00) raw    100.00 
1008   0.00 (0.00)   0.00 (0.00)   0.00 ( 0.00)   0.00 ( 0.00)  0.00 (0.00) raw    100.00 
1009   0.00 (0.00)   0.00 (0.00)   0.00 ( 0.00)   0.00 ( 0.00)  0.00 (0.00) raw    100.00 
1010   0.00 (0.00)   0.00 (0.00)   0.00 ( 0.00)   0.00 ( 0.00)  0.00 (0.00) raw    100.00 
1011   0.00 (0.00)   0.00 (0.00)  76.69 (33.30)   3.88 ( 5.46)  2.48 (0.56) poly.3  82.49 
1012   0.00 (0.00)   0.00 (0.00)   0.00 ( 0.00)   0.00 ( 0.00)  0.00 (0.00) raw    100.00 
1013   0.00 (0.00)   0.00 (0.00)   0.00 ( 0.00)   0.00 ( 0.00)  0.00 (0.00) raw    100.00 
1014   0.00 (0.00)   0.00 (0.00)   0.00 ( 0.00)   0.00 ( 0.00)  0.00 (0.00) raw    100.00 
1015   0.00 (0.00)   0.00 (0.00)   0.00 ( 0.00)   0.00 ( 0.00)  0.00 (0.00) raw    100.00 
1016   0.00 (0.00)   0.00 (0.00)   0.00 ( 0.00)   0.00 ( 0.00)  0.00 (0.00) raw    100.00 
1017   0.09 (0.03)   0.09 (0.01)  97.12 ( 1.93)  89.09 (13.43)  0.71 (0.19) poly.2  46.94 
1018   0.00 (0.00)   0.00 (0.00)   0.00 ( 0.00)   0.00 ( 0.00)  0.00 (0.00) raw    100.00 
1019   0.34 (0.06)   0.40 (0.02)  88.22 ( 2.85)  83.78 ( 8.74)  0.78 (0.11) poly.2  51.82 
1020   0.06 (0.02)   0.03 (0.01)  76.47 (15.62)   2.15 ( 1.15)  2.21 (0.34) poly.3  97.35 
1021   0.00 (0.00)   0.00 (0.00)   0.00 ( 0.00)   0.00 ( 0.00)  0.00 (0.00) raw    100.00 
1022   0.00 (0.00)   0.00 (0.00)   0.00 ( 0.00)   0.00 ( 0.00)  0.00 (0.00) raw    100.00 
1023   0.00 (0.00)   0.00 (0.00)   0.00 ( 0.00)   0.00 ( 0.00)  0.00 (0.00) raw    100.00 
1024   0.00 (0.00)   0.00 (0.00)   0.00 ( 0.00)   0.00 ( 0.00)  0.00 (0.00) raw    100.00 
1025   0.00 (0.00)   0.00 (0.00)   0.00 ( 0.00)   0.00 ( 0.00)  0.00 (0.00) raw    100.00 
1026   0.00 (0.00)   0.00 (0.00)   0.00 ( 0.00)   0.00 ( 0.00)  0.00 (0.00) raw    100.00 
1027   0.00 (0.00)   0.00 (0.00)   0.00 ( 0.00)   0.00 ( 0.00)  0.00 (0.00) raw    100.00 
1028   0.00 (0.00)   0.00 (0.00)   0.00 ( 0.00)   0.00 ( 0.00)  0.00 (0.00) raw    100.00 
1029   0.77 (0.09)   0.79 (0.03)  85.04 ( 2.52)  79.71 ( 8.03)  0.73 (0.09) poly.2  48.30 
1030   0.00 (0.00)   0.00 (0.00)   0.00 ( 0.00)   0.00 ( 0.00)  0.00 (0.00) raw    100.00 
1031   0.00 (0.00)   0.00 (0.00)   0.00 ( 0.00)   0.00 ( 0.00)  0.00 (0.00) raw    100.00 
1032   0.00 (0.00)   0.00 (0.00)   0.00 ( 0.00)   0.00 ( 0.00)  0.00 (0.00) raw    100.00 
1033   0.00 (0.00)   0.00 (0.00)   0.00 ( 0.00)   0.00 ( 0.00)  0.00 (0.00) raw    100.00 
1034   0.00 (0.00)   0.00 (0.00)   0.00 ( 0.00)   0.00 ( 0.00)  0.00 (0.00) raw    100.00 
1035   0.00 (0.00)   0.00 (0.00)   0.00 ( 0.00)   0.00 ( 0.00)  0.00 (0.00) raw    100.00 
1036   0.00 (0.00)   0.00 (0.00)   0.00 ( 0.00)   0.00 ( 0.00)  0.00 (0.00) raw    100.00 
1037   0.00 (0.00)   0.00 (0.00)   0.00 ( 0.00)   0.00 ( 0.00)  0.00 (0.00) raw    100.00 
1038   0.00 (0.00)   0.00 (0.00)   0.00 ( 0.00)   0.00 ( 0.00)  0.00 (0.00) raw    100.00 
1039   0.00 (0.00)   0.00 (0.00)   0.00 ( 0.00)   0.00 ( 0.00)  0.00 (0.00) raw    100.00 
1040   0.00 (0.00)   0.00 (0.00)   0.00 ( 0.00)   0.00 ( 0.00)  0.00 (0.00) raw    100.00 
1041   0.03 (0.02)   0.04 (0.01)  56.61 (15.32)   6.59 ( 2.90)  2.19 (0.32) poly.3  90.33 
1042   0.00 (0.00)   0.00 (0.00)   0.00 ( 0.00)   0.00 ( 0.00)  0.00 (0.00) raw    100.00 
1043   0.00 (0.00)   0.00 (0.00)   0.00 ( 0.00)   0.00 ( 0.00)  0.00 (0.00) raw    100.00 
1044   0.00 (0.00)   0.00 (0.00)   0.00 ( 0.00)   0.00 ( 0.00)  0.00 (0.00) raw    100.00 
1045   0.00 (0.00)   0.00 (0.00)   0.00 ( 0.00)   0.00 ( 0.00)  0.00 (0.00) raw    100.00 
1046   0.00 (0.00)   0.00 (0.00)   0.00 ( 0.00)   0.00 ( 0.00)  0.00 (0.00) raw    100.00 
1047   0.00 (0.00)   0.00 (0.00)   0.00 ( 0.00)   0.00 ( 0.00)  0.00 (0.00) raw    100.00 
1048   0.00 (0.00)   0.00 (0.00)   0.00 ( 0.00)   0.00 ( 0.00)  0.00 (0.00) raw    100.00 
1049   0.00 (0.00)   0.00 (0.00)   0.00 ( 0.00)   0.00 ( 0.00)  0.00 (0.00) raw    100.00 
1050   0.00 (0.00)   0.00 (0.00)   0.00 ( 0.00)   0.00 ( 0.00)  0.00 (0.00) raw    100.00 
1051   0.00 (0.00)   0.00 (0.00)   0.00 ( 0.00)   0.00 ( 0.00)  0.00 (0.00) raw    100.00 
1052   0.00 (0.00)   0.00 (0.00)   0.00 ( 0.00)   0.00 ( 0.00)  0.00 (0.00) raw    100.00 
1053 100.00 (0.00) 100.00 (0.00) 100.00 ( 0.00) 100.00 ( 0.00)  0.00 (0.00) raw    100.00 
