
Corrected P-values by Akaike Weights Averaging (percent,Frequentist):
    raw           k.1           k.2            k.3            beta0        model  weight 
1    45.55 (0.50)  45.09 (0.20)  79.38 ( 1.10)  40.03 ( 5.58) -0.08 (0.04) poly.3 100.00 
2    63.87 (0.48)  63.30 (0.19)  99.55 ( 0.05)  97.74 ( 0.80) -1.32 (0.05) poly.3 100.00 
3    48.78 (0.50)  48.46 (0.20)  74.01 ( 1.25)  43.73 ( 5.61) -0.10 (0.04) poly.3 100.00 
4    37.84 (0.48)  37.44 (0.17)  96.65 ( 0.22)  96.62 ( 0.40) -0.75 (0.02) poly.2  57.49 
5    82.27 (0.38)  82.39 (0.15)  99.97 ( 0.00)  99.98 ( 0.01) -2.21 (0.05) poly.3  36.34 
6    93.40 (0.25)  93.28 (0.10)  99.99 ( 0.00)  99.99 ( 0.00) -2.62 (0.03) poly.2  57.59 
7    53.36 (0.50)  52.87 (0.20)  75.56 ( 1.21)  47.84 ( 5.64) -0.20 (0.04) poly.3 100.00 
8    92.54 (0.26)  92.41 (0.10)  99.95 ( 0.01)  99.94 ( 0.02) -2.35 (0.03) poly.2  54.97 
9    68.36 (0.47)  67.87 (0.17)  99.00 ( 0.08)  98.93 ( 0.18) -1.39 (0.02) poly.2  53.90 
10   73.04 (0.44)  73.08 (0.17)  97.32 ( 0.26)  91.99 ( 2.22) -1.14 (0.05) poly.3 100.00 
11   50.52 (0.50)  50.45 (0.20)  98.87 ( 0.11)  97.67 ( 0.79) -1.08 (0.04) poly.3  90.41 
12   53.77 (0.50)  53.75 (0.20)  98.67 ( 0.13)  99.46 ( 0.23) -1.26 (0.06) poly.3  57.11 
13   43.07 (0.50)  42.85 (0.20)  99.75 ( 0.03)  99.93 ( 0.04) -1.43 (0.06) poly.3  57.42 
14   70.33 (0.46)  69.89 (0.18)  99.96 ( 0.01)  99.90 ( 0.05) -1.88 (0.04) poly.3  83.92 
15   36.51 (0.48)  36.63 (0.20)  98.97 ( 0.11)  99.89 ( 0.06) -1.24 (0.07) poly.3  67.18 
16   28.84 (0.45)  29.24 (0.19)  93.61 ( 0.49)  97.03 ( 1.10) -0.61 (0.07) poly.3  50.17 
17   12.33 (0.33)  12.33 (0.13)  97.77 ( 0.25)  95.89 ( 1.59) -0.37 (0.05) poly.3  66.46 
18   36.11 (0.48)  36.11 (0.20)  99.33 ( 0.07)  99.83 ( 0.09) -1.22 (0.07) sing.3  53.76 
19   61.17 (0.49)  60.66 (0.19)  98.55 ( 0.14)  97.13 ( 0.92) -1.16 (0.04) poly.3  90.50 
20   39.47 (0.49)  39.44 (0.18)  96.81 ( 0.25)  95.44 ( 1.14) -0.76 (0.03) poly.3  64.31 
21   60.36 (0.49)  59.79 (0.18)  99.78 ( 0.02)  99.74 ( 0.07) -1.54 (0.02) poly.2  47.93 
22   23.12 (0.42)  22.47 (0.15)  99.07 ( 0.09)  98.99 ( 0.21) -0.79 (0.03) poly.2  54.54 
23   32.96 (0.47)  32.94 (0.17)  95.76 ( 0.29)  95.83 ( 0.73) -0.64 (0.03) poly.2  57.30 
24   14.84 (0.36)  14.70 (0.13)  96.58 ( 0.30)  96.00 ( 0.90) -0.37 (0.03) poly.2  48.29 
25   30.12 (0.46)  30.17 (0.16)  99.79 ( 0.02)  99.77 ( 0.06) -1.17 (0.02) poly.2  54.07 
26   42.70 (0.49)  42.50 (0.18)  94.49 ( 0.37)  95.32 ( 0.91) -0.73 (0.04) poly.2  40.04 
27   20.42 (0.40)  20.17 (0.16)  92.62 ( 0.62)  81.76 ( 4.68) -0.17 (0.05) poly.3  99.75 
28   36.98 (0.48)  36.96 (0.17)  99.87 ( 0.01)  99.86 ( 0.03) -1.33 (0.02) poly.2  54.93 
29   45.85 (0.50)  46.41 (0.20)  97.84 ( 0.19)  99.72 ( 0.13) -1.22 (0.08) poly.3  76.31 
30   29.23 (0.45)  28.97 (0.19)  98.53 ( 0.16)  95.79 ( 1.50) -0.70 (0.05) poly.3  98.67 
31   19.38 (0.40)  19.49 (0.17)  99.79 ( 0.03)  99.98 ( 0.02) -1.22 (0.08) poly.3  50.94 
32   61.70 (0.49)  62.41 (0.18)  99.57 ( 0.04)  99.64 ( 0.09) -1.49 (0.04) poly.2  46.38 
33   34.27 (0.47)  34.45 (0.19)  90.55 ( 0.67)  75.12 ( 4.86) -0.30 (0.05) poly.3 100.00 
34   51.02 (0.50)  51.09 (0.19)  99.77 ( 0.02)  99.83 ( 0.05) -1.46 (0.04) poly.2  34.95 
35   47.76 (0.50)  47.13 (0.20)  82.70 ( 0.99)  68.17 ( 5.10) -0.32 (0.04) poly.3  99.95 
36   53.76 (0.50)  53.96 (0.20)  95.41 ( 0.38)  81.68 ( 3.85) -0.70 (0.04) poly.3 100.00 
37   95.50 (0.21)  95.15 (0.08)  99.99 ( 0.00)  99.93 ( 0.05) -2.54 (0.07) poly.3  91.84 
38   17.50 (0.38)  17.61 (0.14)  99.19 ( 0.09)  99.27 ( 0.20) -0.75 (0.04) poly.2  53.65 
39   27.27 (0.45)  27.07 (0.17)  99.66 ( 0.04)  99.40 ( 0.25) -1.01 (0.04) poly.3  60.80 
40   33.32 (0.47)  32.52 (0.19)  88.23 ( 0.79)  79.78 ( 4.22) -0.28 (0.04) poly.3  96.35 
41   42.00 (0.49)  41.80 (0.20)  94.01 ( 0.45)  97.08 ( 1.00) -0.78 (0.06) poly.3  61.55 
42   10.92 (0.31)  11.15 (0.12)  84.75 ( 0.98)  85.55 ( 2.52)  0.09 (0.04) poly.2  55.00 
43   35.20 (0.48)  35.11 (0.19)  98.72 ( 0.12)  99.12 ( 0.26) -0.97 (0.05) poly.3  36.78 
44   31.36 (0.46)  31.20 (0.16)  98.02 ( 0.15)  97.80 ( 0.40) -0.77 (0.02) poly.2  51.07 
45   40.64 (0.49)  41.03 (0.19)  70.28 ( 1.35)  47.30 ( 5.74)  0.00 (0.04) poly.3 100.00 
46   29.84 (0.46)  29.76 (0.18)  98.57 ( 0.13)  98.90 ( 0.29) -0.86 (0.04) poly.2  36.47 
47   42.46 (0.49)  41.99 (0.20)  97.18 ( 0.25)  99.33 ( 0.28) -1.02 (0.06) poly.3  81.04 
48   71.78 (0.45)  71.45 (0.17)  99.96 ( 0.00)  99.97 ( 0.01) -1.98 (0.03) poly.2  53.38 
49   47.58 (0.50)  47.62 (0.18)  99.38 ( 0.05)  99.40 ( 0.14) -1.23 (0.03) poly.2  57.06 
50   29.78 (0.46)  29.53 (0.19)  95.91 ( 0.36)  89.72 ( 2.90) -0.48 (0.05) poly.3  99.59 
51   35.59 (0.48)  35.50 (0.19)  92.46 ( 0.57)  83.70 ( 3.75) -0.42 (0.05) poly.3  99.73 
52   23.35 (0.42)  23.48 (0.17)  99.12 ( 0.10)  97.95 ( 0.84) -0.75 (0.05) poly.3  84.77 
53   18.60 (0.39)  17.99 (0.16)  99.36 ( 0.08)  97.85 ( 1.02) -0.67 (0.06) poly.3  94.18 
54   70.62 (0.46)  69.64 (0.17)  99.55 ( 0.04)  99.40 ( 0.17) -1.54 (0.03) poly.3  47.87 
55   43.29 (0.50)  43.35 (0.18)  95.48 ( 0.29)  95.55 ( 0.74) -0.77 (0.03) poly.2  57.34 
56   15.22 (0.36)  14.79 (0.14)  88.78 ( 0.87)  97.98 ( 0.88) -0.33 (0.07) poly.3  88.09 
57   10.61 (0.31)  10.68 (0.12)  74.42 ( 1.43)  78.66 ( 3.95)  0.25 (0.05) poly.3  37.74 
58   38.55 (0.49)  38.29 (0.18)  99.53 ( 0.04)  99.44 ( 0.14) -1.14 (0.03) poly.2  46.88 
59   38.45 (0.49)  37.71 (0.20)  98.29 ( 0.16)  99.48 ( 0.24) -1.04 (0.06) poly.3  66.90 
60   64.97 (0.48)  64.62 (0.17)  99.11 ( 0.07)  99.04 ( 0.16) -1.37 (0.02) poly.2  53.66 
61   30.42 (0.46)  30.59 (0.18)  97.66 ( 0.22)  95.33 ( 1.50) -0.67 (0.04) poly.3  88.59 
62   22.33 (0.42)  22.36 (0.16)  94.35 ( 0.43)  95.62 ( 1.06) -0.45 (0.05) poly.2  33.91 
63   12.37 (0.33)  11.97 (0.13)  98.95 ( 0.13)  99.48 ( 0.23) -0.66 (0.07) poly.3  47.08 
64   13.73 (0.34)  14.19 (0.14)  96.12 ( 0.38)  99.63 ( 0.22) -0.68 (0.10) poly.3  61.78 
65    5.40 (0.23)   5.16 (0.08)  81.35 ( 1.42)  78.31 ( 4.01)  0.39 (0.04) poly.2  45.80 
66   17.24 (0.38)  16.81 (0.14)  91.26 ( 0.59)  91.40 ( 1.52) -0.20 (0.04) poly.2  57.37 
67   35.76 (0.48)  35.91 (0.17)  97.87 ( 0.15)  97.88 ( 0.27) -0.83 (0.02) poly.2  57.61 
68   65.79 (0.47)  65.15 (0.19)  99.52 ( 0.06)  99.87 ( 0.07) -1.63 (0.07) poly.3  57.32 
69   33.12 (0.47)  32.93 (0.19)  95.13 ( 0.41)  82.85 ( 4.02) -0.43 (0.05) poly.3 100.00 
70   10.68 (0.31)  10.52 (0.13)  93.01 ( 0.69)  84.94 ( 4.86) -0.01 (0.06) poly.3  90.23 
71   22.80 (0.42)  23.48 (0.17)  94.15 ( 0.49)  99.65 ( 0.17) -0.71 (0.05) poly.3  99.80 
72   22.10 (0.41)  22.00 (0.17)  95.57 ( 0.39)  98.78 ( 0.57) -0.65 (0.08) poly.3  58.32 
73   22.06 (0.41)  22.18 (0.17)  94.54 ( 0.45)  98.79 ( 0.57) -0.67 (0.09) sing.3  50.54 
74   37.72 (0.48)  37.05 (0.19)  99.90 ( 0.01)  99.76 ( 0.12) -1.32 (0.04) poly.3  79.93 
75   11.43 (0.32)  11.63 (0.13)  91.35 ( 0.78)  99.95 ( 0.03) -0.57 (0.06) poly.3 100.00 
76   15.80 (0.36)  16.01 (0.16)  99.89 ( 0.02)  99.98 ( 0.01) -1.22 (0.09) sing.3  52.14 
77    3.21 (0.18)   3.20 (0.08)  95.48 ( 0.74)  69.28 (13.19)  0.38 (0.10) poly.3  99.62 
78   22.07 (0.41)  22.08 (0.17)  94.55 ( 0.45)  97.32 ( 1.01) -0.53 (0.07) poly.3  48.31 
79   14.47 (0.35)  14.49 (0.13)  99.04 ( 0.11)  99.11 ( 0.26) -0.65 (0.04) poly.2  55.89 
80   11.37 (0.32)  11.09 (0.14)  99.04 ( 0.14)  95.64 ( 2.21) -0.40 (0.07) poly.3  97.44 
81    4.93 (0.22)   5.00 (0.09)  99.70 ( 0.06)  99.77 ( 0.10) -0.59 (0.07) poly.2  50.09 
82   33.90 (0.47)  33.75 (0.19)  97.76 ( 0.22)  92.03 ( 2.38) -0.64 (0.05) poly.3 100.00 
83   11.72 (0.32)  11.29 (0.11)  97.48 ( 0.24)  97.32 ( 0.56) -0.37 (0.03) poly.2  55.55 
84   43.44 (0.50)  42.77 (0.20)  99.06 ( 0.10)  97.51 ( 0.89) -0.99 (0.05) poly.3  97.94 
85   43.49 (0.50)  42.81 (0.18)  86.91 ( 0.68)  88.33 ( 1.76) -0.49 (0.04) poly.2  42.52 
86   18.90 (0.39)  19.07 (0.15)  79.45 ( 1.05)  81.61 ( 2.81)  0.00 (0.04) poly.2  44.06 
87    6.95 (0.25)   7.01 (0.10)  96.13 ( 0.46)  92.75 ( 2.92) -0.08 (0.06) poly.3  63.93 
88   53.02 (0.50)  53.41 (0.20)  98.98 ( 0.11)  96.69 ( 1.10) -1.08 (0.04) poly.3  99.93 
89    6.24 (0.24)   6.35 (0.09)  98.71 ( 0.18)  97.87 ( 1.02) -0.31 (0.05) poly.3  44.29 
90   32.50 (0.47)  33.15 (0.19)  93.46 ( 0.49)  97.14 ( 1.08) -0.68 (0.08) sing.3  55.10 
91   57.25 (0.49)  57.68 (0.19)  99.62 ( 0.04)  99.75 ( 0.08) -1.48 (0.05) sing.3  39.64 
92    9.29 (0.29)   9.30 (0.12)  99.83 ( 0.03)  99.92 ( 0.04) -0.91 (0.08) sing.3  42.40 
93   27.83 (0.45)  27.43 (0.16)  86.94 ( 0.70)  87.22 ( 1.77) -0.27 (0.03) poly.2  56.89 
94   35.89 (0.48)  35.34 (0.18)  99.53 ( 0.05)  99.55 ( 0.11) -1.12 (0.03) poly.2  56.61 
95   19.04 (0.39)  18.98 (0.14)  99.32 ( 0.07)  99.31 ( 0.13) -0.79 (0.03) poly.2  57.54 
96   45.15 (0.50)  44.92 (0.20)  96.04 ( 0.32)  98.13 ( 0.68) -0.92 (0.06) poly.3  60.37 
97   20.45 (0.40)  20.60 (0.15)  99.72 ( 0.03)  99.74 ( 0.08) -0.98 (0.04) poly.2  55.22 
98   16.34 (0.37)  16.60 (0.15)  88.58 ( 0.90)  60.22 ( 7.27)  0.12 (0.06) poly.3 100.00 
99   17.89 (0.38)  17.24 (0.14)  99.68 ( 0.04)  99.59 ( 0.14) -0.87 (0.03) poly.2  49.08 
100  54.13 (0.50)  53.98 (0.19)  98.74 ( 0.13)  97.46 ( 0.83) -1.10 (0.04) poly.3  89.88 
101   7.84 (0.27)   7.80 (0.11)  98.09 ( 0.26)  94.71 ( 2.61) -0.22 (0.06) poly.3  80.71 
102   7.18 (0.26)   7.05 (0.10)  93.91 ( 0.66)  88.89 ( 3.96)  0.04 (0.06) poly.3  68.70 
103  11.36 (0.32)  11.42 (0.13)  91.64 ( 0.76)  97.49 ( 1.20) -0.26 (0.08) poly.3  72.73 
104  29.93 (0.46)  29.53 (0.18)  95.39 ( 0.36)  96.96 ( 0.88) -0.64 (0.05) sing.3  41.39 
105  16.67 (0.37)  16.34 (0.14)  99.96 ( 0.01)  99.96 ( 0.02) -1.19 (0.04) poly.2  55.22 
106  51.79 (0.50)  51.20 (0.20)  99.06 ( 0.10)  99.83 ( 0.08) -1.35 (0.05) poly.3  88.43 
107  13.20 (0.34)  13.10 (0.13)  93.13 ( 0.58)  95.15 ( 1.38) -0.24 (0.06) poly.3  39.36 
108  60.32 (0.49)  60.64 (0.18)  97.06 ( 0.22)  96.30 ( 0.78) -1.06 (0.03) poly.3  50.32 
109   1.36 (0.12)   1.28 (0.04)  86.52 ( 1.95)  82.07 ( 6.39)  0.60 (0.07) poly.2  47.38 
110  14.65 (0.35)  14.66 (0.15)  98.02 ( 0.22)  99.77 ( 0.15) -0.77 (0.09) poly.3  58.78 
111  32.65 (0.47)  33.52 (0.19)  92.52 ( 0.56)  85.73 ( 3.42) -0.42 (0.05) poly.3  97.33 
112  52.81 (0.50)  53.16 (0.20)  98.29 ( 0.16)  99.61 ( 0.18) -1.28 (0.07) poly.3  63.23 
113  26.23 (0.44)  25.48 (0.18)  99.11 ( 0.10)  99.78 ( 0.12) -1.01 (0.07) poly.3  56.20 
114  34.40 (0.48)  35.42 (0.19)  88.02 ( 0.80)  66.59 ( 5.52) -0.21 (0.05) poly.3 100.00 
115  44.60 (0.50)  44.43 (0.18)  90.99 ( 0.50)  91.43 ( 1.24) -0.61 (0.03) poly.2  54.12 
116  32.83 (0.47)  32.65 (0.18)  96.36 ( 0.30)  93.99 ( 1.66) -0.62 (0.04) poly.3  78.89 
117  15.93 (0.37)  15.47 (0.15)  97.85 ( 0.23)  99.68 ( 0.20) -0.76 (0.10) sing.3  52.72 
118  22.18 (0.42)  22.10 (0.15)  82.77 ( 0.87)  83.25 ( 2.22) -0.09 (0.03) poly.2  56.29 
119  15.10 (0.36)  15.58 (0.15)  95.55 ( 0.45)  84.56 ( 4.72) -0.17 (0.06) poly.3  99.95 
120  17.70 (0.38)  17.23 (0.15)  87.59 ( 0.94)  73.11 ( 5.98)  0.03 (0.05) poly.3  99.64 
121  14.34 (0.35)  14.42 (0.13)  98.64 ( 0.14)  98.31 ( 0.49) -0.56 (0.03) poly.2  47.36 
122  38.54 (0.49)  38.77 (0.20)  97.89 ( 0.20)  92.90 ( 2.10) -0.73 (0.05) poly.3 100.00 
123   0.22 (0.05)   0.27 (0.02)  88.28 ( 3.78)  31.88 (22.82)  1.21 (0.22) poly.3  85.78 
124  38.91 (0.49)  39.80 (0.18)  94.21 ( 0.36)  94.38 ( 0.91) -0.66 (0.03) poly.2  56.63 
125  16.90 (0.37)  16.87 (0.15)  86.40 ( 0.91)  90.43 ( 2.44) -0.14 (0.06) poly.3  44.71 
126  44.32 (0.50)  44.23 (0.20)  97.80 ( 0.21)  92.96 ( 2.03) -0.80 (0.05) poly.3 100.00 
127   1.75 (0.13)   1.99 (0.05)  61.53 ( 2.99)  82.17 ( 7.77)  0.63 (0.16) sing.3  51.69 
128   9.04 (0.29)   8.77 (0.12)  96.10 ( 0.47)  82.83 ( 6.31)  0.00 (0.07) poly.3  99.85 
129  18.44 (0.39)  18.21 (0.16)  91.87 ( 0.67)  84.85 ( 4.04) -0.16 (0.05) poly.3  91.34 
130   1.16 (0.11)   1.32 (0.05)  99.36 ( 0.20)  74.91 (20.12)  0.31 (0.16) poly.3  97.40 
131  63.48 (0.48)  63.07 (0.19)  99.56 ( 0.05)  99.78 ( 0.09) -1.56 (0.06) sing.3  46.53 
132  30.47 (0.46)  31.50 (0.18)  81.07 ( 1.09)  66.21 ( 5.56) -0.08 (0.05) poly.3  99.81 
133   0.03 (0.02)   0.10 (0.01)  92.45 ( 3.52)  97.46 ( 1.68)  0.55 (0.25) poly.3  43.98 
134  40.44 (0.49)  40.72 (0.17)  95.26 ( 0.28)  95.15 ( 0.55) -0.72 (0.02) poly.2  56.69 
135  15.44 (0.36)  15.39 (0.14)  95.81 ( 0.36)  96.45 ( 0.85) -0.38 (0.04) poly.2  46.29 
136   8.99 (0.29)   8.75 (0.10)  99.07 ( 0.12)  98.99 ( 0.29) -0.49 (0.03) poly.2  55.70 
137  15.77 (0.36)  15.67 (0.15)  96.76 ( 0.33)  99.44 ( 0.32) -0.64 (0.08) poly.3  64.70 
138   2.08 (0.14)   2.07 (0.05)  97.14 ( 0.52)  95.83 ( 2.19)  0.10 (0.06) poly.2  49.30 
139  57.02 (0.50)  56.90 (0.19)  94.14 ( 0.46)  79.81 ( 4.06) -0.69 (0.04) poly.3 100.00 
140  17.34 (0.38)  16.64 (0.16)  97.40 ( 0.27)  99.36 ( 0.35) -0.66 (0.07) poly.3  66.18 
141  51.35 (0.50)  50.69 (0.18)  97.66 ( 0.17)  97.84 ( 0.41) -1.01 (0.03) poly.2  52.88 
142  16.25 (0.37)  16.31 (0.15)  92.16 ( 0.65)  96.88 ( 1.32) -0.37 (0.08) poly.3  53.37 
143  16.17 (0.37)  16.24 (0.13)  87.70 ( 0.75)  86.38 ( 1.98) -0.07 (0.03) poly.2  47.87 
144  29.96 (0.46)  29.77 (0.17)  89.56 ( 0.62)  87.36 ( 2.11) -0.34 (0.03) poly.3  51.48 
145  16.25 (0.37)  16.53 (0.16)  98.79 ( 0.14)  99.92 ( 0.06) -0.98 (0.10) poly.3  50.12 
146   1.09 (0.10)   1.20 (0.04)  99.47 ( 0.16)  98.48 ( 1.70) -0.09 (0.09) poly.2  46.04 
147  13.57 (0.34)  13.10 (0.14)  94.18 ( 0.58)  80.47 ( 5.74) -0.05 (0.06) poly.3  99.94 
148  19.69 (0.40)  18.89 (0.15)  97.76 ( 0.22)  95.99 ( 1.39) -0.50 (0.04) poly.3  71.92 
149  76.62 (0.42)  76.61 (0.15)  99.36 ( 0.05)  99.36 ( 0.10) -1.61 (0.02) poly.2  57.60 
150  14.76 (0.35)  14.58 (0.14)  97.56 ( 0.26)  98.75 ( 0.50) -0.55 (0.06) poly.3  50.09 
151  62.03 (0.49)  61.96 (0.19)  98.87 ( 0.12)  95.98 ( 1.27) -1.16 (0.04) poly.3 100.00 
152  21.17 (0.41)  21.24 (0.17)  99.23 ( 0.09)  99.78 ( 0.12) -0.95 (0.07) poly.3  51.81 
153  34.87 (0.48)  34.23 (0.19)  74.27 ( 1.27)  61.86 ( 5.53) -0.04 (0.04) poly.3  97.20 
154   0.18 (0.04)   0.20 (0.02)  99.71 ( 0.25)  21.64 (30.23)  0.94 (0.27) poly.3  98.27 
155  10.85 (0.31)  10.40 (0.11)  94.85 ( 0.47)  95.34 ( 1.12) -0.20 (0.05) poly.2  53.17 
156  10.19 (0.30)   9.91 (0.11)  97.74 ( 0.23)  97.62 ( 0.51) -0.35 (0.03) poly.2  56.32 
157  64.02 (0.48)  63.68 (0.19)  97.58 ( 0.22)  99.21 ( 0.33) -1.29 (0.06) poly.3  78.00 
158   2.13 (0.14)   2.06 (0.06)  99.28 ( 0.17)  97.10 ( 2.68) -0.10 (0.09) poly.3  54.96 
159   5.55 (0.23)   5.26 (0.08)  95.49 ( 0.53)  96.26 ( 1.18) -0.07 (0.06) poly.2  49.38 
160  34.74 (0.48)  34.22 (0.19)  96.85 ( 0.27)  98.53 ( 0.56) -0.83 (0.06) poly.3  56.11 
161  26.98 (0.44)  26.95 (0.19)  99.03 ( 0.10)  99.84 ( 0.10) -1.08 (0.08) sing.3  53.44 
162  18.75 (0.39)  18.86 (0.16)  76.00 ( 1.38)  61.55 ( 6.40)  0.19 (0.05) poly.3  97.40 
163   2.85 (0.17)   2.88 (0.06)  99.72 ( 0.06)  99.58 ( 0.31) -0.41 (0.06) poly.2  52.48 
164   2.97 (0.17)   2.84 (0.07)  98.39 ( 0.30)  99.86 ( 0.13) -0.42 (0.14) poly.3  57.56 
165  45.81 (0.50)  46.48 (0.17)  96.67 ( 0.21)  96.64 ( 0.39) -0.87 (0.02) poly.2  57.45 
166  18.67 (0.39)  18.78 (0.16)  88.22 ( 0.89)  67.20 ( 6.47)  0.04 (0.05) poly.3 100.00 
167  38.50 (0.49)  38.40 (0.19)  88.94 ( 0.69)  84.08 ( 3.14) -0.41 (0.04) poly.3  80.46 
168   1.29 (0.11)   1.41 (0.05)  94.40 ( 1.15)  66.30 (17.83)  0.58 (0.13) poly.3  92.27 
169   3.92 (0.19)   4.08 (0.07)  98.87 ( 0.19)  98.58 ( 0.63) -0.25 (0.05) poly.2  52.84 
170   2.54 (0.16)   2.64 (0.08)  99.65 ( 0.09)  86.13 (11.02)  0.02 (0.13) poly.3  99.40 
171   3.33 (0.18)   3.35 (0.07)  96.29 ( 0.53)  96.74 ( 1.22)  0.00 (0.07) poly.2  54.82 
172   6.42 (0.25)   6.82 (0.11)  97.70 ( 0.33)  88.52 ( 5.42) -0.06 (0.08) poly.3  98.72 
173  33.52 (0.47)  33.77 (0.19)  88.00 ( 0.78)  80.90 ( 3.91) -0.30 (0.04) poly.3  91.61 
174  28.00 (0.45)  27.84 (0.17)  93.53 ( 0.48)  90.45 ( 2.27) -0.42 (0.04) poly.3  72.03 
175   8.63 (0.28)   8.45 (0.10)  79.69 ( 1.35)  74.20 ( 4.75)  0.31 (0.04) poly.3  55.44 
176   0.63 (0.08)   0.68 (0.03)  89.44 ( 2.28)  72.33 (14.74)  0.75 (0.12) poly.3  58.88 
177  18.97 (0.39)  19.03 (0.16)  93.89 ( 0.52)  98.75 ( 0.58) -0.55 (0.07) poly.3  77.02 
178  15.21 (0.36)  15.30 (0.13)  95.61 ( 0.37)  96.13 ( 0.88) -0.36 (0.04) poly.2  50.06 
179  35.52 (0.48)  35.78 (0.17)  99.26 ( 0.06)  99.16 ( 0.18) -1.03 (0.02) poly.2  51.07 
180   9.48 (0.29)   9.36 (0.11)  97.10 ( 0.32)  97.98 ( 0.67) -0.34 (0.06) poly.2  35.00 
181   2.46 (0.15)   2.39 (0.06)  99.28 ( 0.16)  99.09 ( 0.53) -0.22 (0.06) poly.2  54.64 
182  21.45 (0.41)  21.65 (0.14)  92.10 ( 0.48)  91.98 ( 0.91) -0.31 (0.02) poly.2  57.16 
183   1.03 (0.10)   1.03 (0.04)  98.15 ( 0.48)  99.09 ( 0.49) -0.02 (0.14) sing.3  37.01 
184   1.05 (0.10)   1.10 (0.04)  98.78 ( 0.35)  94.90 ( 5.04)  0.13 (0.10) poly.3  50.40 
185  11.62 (0.32)  12.00 (0.12)  71.12 ( 1.38)  72.80 ( 3.69)  0.29 (0.04) poly.2  52.24 
186  15.34 (0.36)  15.08 (0.13)  95.28 ( 0.38)  94.47 ( 1.16) -0.30 (0.03) poly.2  47.12 
187  21.04 (0.41)  20.95 (0.14)  84.47 ( 0.76)  84.40 ( 1.40) -0.10 (0.02) poly.2  57.55 
188   1.91 (0.14)   1.97 (0.06)  99.59 ( 0.11)  97.67 ( 2.45) -0.17 (0.10) poly.3  58.08 
189  44.09 (0.50)  43.83 (0.20)  85.75 ( 0.87)  75.76 ( 4.48) -0.36 (0.04) poly.3  98.60 
190  14.57 (0.35)  14.69 (0.14)  98.15 ( 0.19)  98.48 ( 0.42) -0.55 (0.05) poly.2  46.18 
191  61.33 (0.49)  61.10 (0.19)  99.23 ( 0.08)  99.64 ( 0.15) -1.44 (0.06) poly.3  48.65 
192   4.18 (0.20)   4.35 (0.08)  96.88 ( 0.42)  97.32 ( 0.96) -0.10 (0.06) poly.2  53.48 
193   1.60 (0.13)   1.51 (0.05)  98.35 ( 0.39)  94.78 ( 4.33)  0.11 (0.09) poly.3  50.64 
194   9.33 (0.29)   9.25 (0.11)  96.65 ( 0.36)  94.92 ( 1.75) -0.21 (0.04) poly.3  51.26 
195   6.63 (0.25)   6.55 (0.09)  85.44 ( 1.10)  83.79 ( 2.82)  0.24 (0.04) poly.2  50.18 
196   4.36 (0.20)   4.14 (0.09)  93.38 ( 0.91)  72.54 (10.68)  0.34 (0.09) poly.3  98.75 
197   4.43 (0.21)   4.46 (0.09)  98.84 ( 0.21)  82.60 ( 9.36)  0.05 (0.10) poly.3  99.95 
198   8.28 (0.28)   8.34 (0.11)  97.85 ( 0.27)  95.63 ( 1.95) -0.25 (0.05) poly.3  65.21 
199   4.28 (0.20)   4.29 (0.08)  81.74 ( 1.63)  89.10 ( 3.93)  0.29 (0.10) poly.3  40.71 
200  15.76 (0.36)  15.20 (0.14)  98.06 ( 0.21)  96.17 ( 1.48) -0.45 (0.05) poly.3  73.75 
201   0.67 (0.08)   0.71 (0.03)  98.29 ( 0.54)  96.09 ( 3.81)  0.23 (0.10) poly.2  47.97 
202   0.76 (0.09)   0.76 (0.04)  99.17 ( 0.31)  78.35 (20.43)  0.38 (0.17) poly.3  85.68 
203   7.93 (0.27)   7.80 (0.11)  91.05 ( 0.86)  96.34 ( 1.71) -0.12 (0.09) poly.3  49.64 
204   0.72 (0.08)   0.70 (0.04)  98.05 ( 0.65)  61.50 (26.61)  0.62 (0.18) poly.3  92.29 
205   5.51 (0.23)   5.57 (0.08)  98.78 ( 0.17)  98.78 ( 0.33) -0.33 (0.04) poly.2  57.60 
206   4.18 (0.20)   4.03 (0.07)  94.34 ( 0.66)  94.25 ( 1.28)  0.08 (0.04) poly.2  57.49 
207  41.89 (0.49)  40.98 (0.18)  97.81 ( 0.17)  98.15 ( 0.40) -0.92 (0.04) poly.2  43.12 
208   3.89 (0.19)   3.85 (0.08)  94.45 ( 0.73)  97.71 ( 1.17) -0.07 (0.11) sing.3  43.87 
209  13.35 (0.34)  12.95 (0.12)  96.63 ( 0.29)  96.59 ( 0.56) -0.35 (0.03) poly.2  57.48 
210   0.38 (0.06)   0.34 (0.02)  63.10 ( 6.23)  26.07 (13.84)  1.45 (0.18) poly.3  79.29 
211   3.22 (0.18)   3.03 (0.06)  93.67 ( 0.80)  93.14 ( 1.86)  0.18 (0.05) poly.2  55.77 
212  39.88 (0.49)  39.52 (0.18)  93.46 ( 0.43)  94.59 ( 1.09) -0.66 (0.04) poly.2  37.32 
213  11.17 (0.31)  10.96 (0.13)  88.02 ( 1.04)  71.74 ( 7.11)  0.18 (0.06) poly.3  99.31 
214   7.65 (0.27)   7.36 (0.11)  85.39 ( 1.34)  64.44 ( 8.94)  0.37 (0.07) poly.3  99.23 
215   4.09 (0.20)   4.10 (0.08)  96.59 ( 0.48)  98.24 ( 0.79) -0.15 (0.09) sing.3  37.80 
216   2.42 (0.15)   2.34 (0.06)  97.40 ( 0.48)  93.64 ( 4.04)  0.10 (0.08) poly.3  53.72 
217   3.69 (0.19)   3.56 (0.07)  86.26 ( 1.37)  82.21 ( 4.69)  0.39 (0.05) poly.2  42.31 
218  71.57 (0.45)  72.03 (0.17)  98.46 ( 0.15)  99.02 ( 0.31) -1.43 (0.05) poly.3  41.31 
219   4.33 (0.20)   4.57 (0.08)  83.77 ( 1.60)  98.81 ( 0.78)  0.03 (0.08) poly.3  98.87 
220   1.43 (0.12)   1.67 (0.05)  12.55 ( 1.49)  13.39 ( 4.02)  1.63 (0.07) poly.2  56.16 
221  21.05 (0.41)  20.93 (0.16)  99.17 ( 0.09)  99.39 ( 0.19) -0.83 (0.05) poly.2  37.52 
222  30.14 (0.46)  30.20 (0.17)  96.17 ( 0.28)  95.28 ( 0.98) -0.60 (0.03) poly.3  45.45 
223  12.52 (0.33)  12.59 (0.12)  95.84 ( 0.35)  95.74 ( 0.69) -0.29 (0.03) poly.2  57.05 
224  10.54 (0.31)  10.47 (0.12)  99.51 ( 0.07)  99.60 ( 0.14) -0.69 (0.05) poly.2  49.36 
225   3.91 (0.19)   4.14 (0.08)  98.42 ( 0.26)  99.20 ( 0.37) -0.31 (0.09) poly.3  37.14 
226  18.57 (0.39)  18.71 (0.16)  96.10 ( 0.37)  99.96 ( 0.03) -0.83 (0.05) poly.3 100.00 
227   5.82 (0.23)   5.97 (0.10)  93.88 ( 0.76)  67.05 (10.33)  0.28 (0.08) poly.3 100.00 
228  39.13 (0.49)  40.08 (0.19)  66.98 ( 1.41)  50.70 ( 5.73)  0.01 (0.04) poly.3  99.72 
229   3.83 (0.19)   3.79 (0.07)  99.68 ( 0.07)  99.49 ( 0.34) -0.45 (0.05) poly.2  49.97 
230   6.78 (0.25)   6.68 (0.10)  93.67 ( 0.73)  99.65 ( 0.24) -0.31 (0.07) poly.3  98.58 
231  15.96 (0.37)  15.63 (0.15)  96.17 ( 0.38)  98.86 ( 0.58) -0.54 (0.07) poly.3  65.10 
232   0.17 (0.04)   0.14 (0.02)  99.67 ( 0.31)  42.22 (38.36)  0.83 (0.26) poly.3  91.49 
233   0.55 (0.07)   0.68 (0.04)  99.97 ( 0.02)  97.14 ( 5.22) -0.19 (0.17) poly.3  68.12 
234   3.12 (0.17)   3.09 (0.08)  99.01 ( 0.21)  77.52 (13.09)  0.16 (0.12) poly.3  99.92 
235  29.11 (0.45)  29.34 (0.19)  98.14 ( 0.18)  99.22 ( 0.33) -0.88 (0.06) poly.3  58.43 
236   5.59 (0.23)   5.49 (0.09)  94.99 ( 0.60)  97.46 ( 1.11) -0.14 (0.09) sing.3  40.61 
237  32.31 (0.47)  31.92 (0.17)  95.69 ( 0.30)  96.14 ( 0.74) -0.64 (0.04) poly.2  49.19 
238   1.92 (0.14)   2.05 (0.06)  99.98 ( 0.01)  99.80 ( 0.33) -0.64 (0.09) poly.3  47.46 
239  14.37 (0.35)  14.34 (0.13)  94.62 ( 0.45)  95.68 ( 1.08) -0.31 (0.05) poly.2  40.55 
240   0.91 (0.09)   0.99 (0.04)  97.06 ( 0.79)  64.11 (22.60)  0.59 (0.16) poly.3  93.36 
241   0.93 (0.10)   0.88 (0.04)  97.48 ( 0.71)  81.74 (14.78)  0.43 (0.14) poly.3  72.94 
242  58.71 (0.49)  58.92 (0.18)  96.78 ( 0.24)  97.33 ( 0.57) -1.07 (0.04) poly.2  39.18 
243   2.29 (0.15)   2.34 (0.06)  90.66 ( 1.39)  71.77 (12.03)  0.51 (0.10) poly.3  86.45 
244  58.09 (0.49)  57.74 (0.17)  98.07 ( 0.13)  98.02 ( 0.26) -1.13 (0.02) poly.2  56.63 
245  14.00 (0.35)  13.49 (0.13)  97.96 ( 0.21)  98.18 ( 0.48) -0.49 (0.04) poly.2  53.04 
246   4.76 (0.21)   5.01 (0.09)  98.85 ( 0.19)  99.92 ( 0.07) -0.62 (0.12) poly.3  55.76 
247  22.77 (0.42)  22.20 (0.17)  99.00 ( 0.12)  99.95 ( 0.03) -1.03 (0.05) poly.3  97.63 
248   0.64 (0.08)   0.72 (0.04)  99.61 ( 0.16)  93.00 ( 9.13)  0.12 (0.15) poly.3  64.37 
249  22.56 (0.42)  22.76 (0.16)  99.53 ( 0.05)  99.66 ( 0.11) -0.97 (0.05) poly.2  37.43 
250   0.13 (0.04)   0.14 (0.02)  88.99 ( 5.42)   0.66 ( 1.39)  1.84 (0.29) poly.3  99.75 
251   9.84 (0.30)   9.95 (0.10)  92.10 ( 0.60)  92.06 ( 1.12) -0.06 (0.03) poly.2  57.59 
252   3.13 (0.17)   3.25 (0.07)  93.57 ( 0.91)  99.99 ( 0.01) -0.37 (0.08) poly.3 100.00 
253   0.25 (0.05)   0.26 (0.02)  60.95 ( 5.95)  65.11 (13.15)  1.22 (0.15) poly.2  54.84 
254   2.97 (0.17)   2.89 (0.07)  84.71 ( 1.74)  72.04 ( 9.06)  0.54 (0.08) poly.3  70.90 
255  18.57 (0.39)  18.79 (0.15)  87.48 ( 0.82)  90.72 ( 2.21) -0.19 (0.06) poly.3  38.20 
256   5.94 (0.24)   6.02 (0.10)  82.35 ( 1.47)  91.84 ( 3.46)  0.14 (0.11) sing.3  51.40 
257   1.73 (0.13)   1.70 (0.05)  86.70 ( 1.90)  73.17 (10.60)  0.62 (0.09) poly.3  64.90 
258   0.00 (0.00)   0.00 (0.00)  99.98 ( 0.02)   3.28 ( 8.33)  1.29 (0.43) poly.3  99.68 
259  16.74 (0.37)  17.23 (0.15)  99.47 ( 0.06)  99.62 ( 0.13) -0.85 (0.05) poly.2  38.19 
260   0.12 (0.03)   0.22 (0.02)  93.17 ( 2.68)  63.92 (23.34)  0.92 (0.19) poly.3  61.78 
261   2.15 (0.15)   2.09 (0.06)  99.21 ( 0.18)  99.21 ( 0.52) -0.19 (0.08) poly.2  57.39 
262  32.33 (0.47)  32.16 (0.19)  99.42 ( 0.07)  99.94 ( 0.04) -1.25 (0.07) poly.3  73.21 
263  21.12 (0.41)  21.28 (0.15)  81.11 ( 0.99)  83.57 ( 2.73) -0.07 (0.05) poly.2  40.42 
264   1.48 (0.12)   1.44 (0.05)  98.92 ( 0.30)  83.15 (13.92)  0.26 (0.14) poly.3  90.91 
265  14.79 (0.36)  14.03 (0.12)  84.56 ( 0.86)  83.88 ( 1.85)  0.04 (0.03) poly.2  54.47 
266  15.03 (0.36)  15.10 (0.13)  96.56 ( 0.28)  96.42 ( 0.60) -0.39 (0.03) poly.2  56.21 
267   0.33 (0.06)   0.36 (0.02)  96.95 ( 1.14)  90.60 ( 9.42)  0.50 (0.13) poly.2  44.43 
268   2.73 (0.16)   2.55 (0.06)  97.03 ( 0.50)  95.78 ( 2.02)  0.06 (0.06) poly.2  48.79 
269   0.89 (0.09)   0.84 (0.03)  97.27 ( 0.72)  96.08 ( 2.76)  0.26 (0.08) poly.2  53.12 
270  14.19 (0.35)  13.84 (0.13)  96.04 ( 0.36)  96.75 ( 0.83) -0.36 (0.05) poly.2  44.00 
271   0.78 (0.09)   0.71 (0.03)  98.10 ( 0.60)  90.01 ( 9.73)  0.34 (0.13) poly.3  54.64 
272   7.60 (0.26)   7.39 (0.10)  97.72 ( 0.27)  97.96 ( 0.64) -0.29 (0.05) poly.2  54.43 
273   0.12 (0.03)   0.14 (0.02) 100.00 ( 0.00)  19.66 (31.98)  0.63 (0.27) poly.3  99.89 
274   0.82 (0.09)   0.76 (0.04)  98.46 ( 0.49)  91.45 ( 8.67)  0.28 (0.12) poly.3  54.56 
275  18.27 (0.39)  17.91 (0.13)  98.09 ( 0.17)  98.04 ( 0.34) -0.57 (0.03) poly.2  57.05 
276   1.04 (0.10)   1.04 (0.05)  98.23 ( 0.52)  56.73 (25.60)  0.58 (0.17) poly.3  98.36 
277   9.19 (0.29)   9.27 (0.11)  98.35 ( 0.20)  97.44 ( 1.02) -0.37 (0.04) poly.3  47.37 
278   1.11 (0.10)   1.25 (0.05)  96.54 ( 0.83)  67.47 (19.63)  0.54 (0.15) poly.3  93.59 
279   0.15 (0.04)   0.14 (0.01)  96.49 ( 2.00)  68.39 (25.47)  0.86 (0.21) poly.3  60.14 
280  13.62 (0.34)  13.62 (0.12)  90.81 ( 0.64)  89.78 ( 1.68) -0.10 (0.03) poly.2  49.44 
281   1.79 (0.13)   1.85 (0.05)  92.24 ( 1.16)  92.94 ( 2.72)  0.32 (0.08) poly.2  56.09 
282   6.69 (0.25)   6.32 (0.09)  90.03 ( 0.83)  89.68 ( 1.71)  0.13 (0.03) poly.2  56.61 
283   1.13 (0.11)   1.15 (0.04)  97.73 ( 0.56)  93.24 ( 5.57)  0.23 (0.10) poly.3  47.91 
284   0.07 (0.03)   0.09 (0.01)  93.04 ( 4.61)   5.19 ( 7.12)  1.64 (0.29) poly.3  97.30 
285  12.66 (0.33)  12.28 (0.11)  87.84 ( 0.76)  87.47 ( 1.55)  0.00 (0.03) poly.2  56.18 
286   0.06 (0.02)   0.10 (0.02)  99.96 ( 0.06)   8.08 (17.04)  1.06 (0.28) poly.3  99.71 
287  11.25 (0.32)  10.83 (0.11)  99.37 ( 0.08)  99.35 ( 0.16) -0.63 (0.03) poly.2  57.15 
288  15.16 (0.36)  15.42 (0.14)  74.93 ( 1.48)  60.02 ( 6.80)  0.28 (0.05) poly.3  96.38 
289   0.04 (0.02)   0.03 (0.01)  99.91 ( 0.19)   3.00 ( 7.42)  1.39 (0.32) poly.3  99.64 
290   5.80 (0.23)   5.67 (0.09)  98.59 ( 0.21)  97.37 ( 1.36) -0.25 (0.05) poly.3  49.66 
291  18.08 (0.38)  17.72 (0.16)  89.71 ( 0.77)  95.07 ( 1.82) -0.30 (0.07) poly.3  51.51 
292   0.13 (0.04)   0.19 (0.02)  87.75 ( 4.66)   9.55 (12.08)  1.51 (0.26) poly.3  96.30 
293   5.11 (0.22)   5.00 (0.10)  98.91 ( 0.19)  93.82 ( 3.94) -0.14 (0.09) poly.3  91.73 
294   5.83 (0.23)   5.93 (0.10)  99.87 ( 0.03)  99.92 ( 0.04) -0.78 (0.08) poly.2  42.42 
295  14.65 (0.35)  14.57 (0.15)  99.81 ( 0.03)  99.95 ( 0.03) -1.06 (0.08) sing.3  47.18 
296   0.97 (0.10)   1.00 (0.04)  92.90 ( 1.38)  95.26 ( 2.24)  0.35 (0.12) poly.2  43.71 
297   0.16 (0.04)   0.14 (0.02)  95.62 ( 2.89)   0.80 ( 2.00)  1.69 (0.29) poly.3  99.83 
298   0.47 (0.07)   0.54 (0.03)  86.01 ( 3.07)  59.74 (18.38)  0.93 (0.14) poly.3  67.51 
299   0.42 (0.06)   0.54 (0.03)  99.12 ( 0.39)  39.93 (32.83)  0.74 (0.22) poly.3  98.16 
300   0.00 (0.00)   0.01 (0.01) 100.00 ( 0.00)   5.53 (13.34)  1.11 (0.36) poly.3  99.85 
301   0.19 (0.04)   0.24 (0.02)  94.12 ( 2.17)  93.42 ( 6.06)  0.64 (0.16) poly.2  56.79 
302   0.14 (0.04)   0.14 (0.02)  99.65 ( 0.33)  33.52 (36.25)  0.91 (0.27) poly.3  94.21 
303   9.17 (0.29)   9.13 (0.12)  93.75 ( 0.64)  97.97 ( 1.06) -0.27 (0.09) poly.3  56.10 
304   0.00 (0.00)   0.01 (0.00)  94.51 (11.34)   3.19 ( 2.59)  2.12 (0.43) poly.3  95.64 
305   4.37 (0.20)   3.94 (0.07)  99.10 ( 0.16)  98.66 ( 0.72) -0.28 (0.05) poly.2  48.96 
306   5.08 (0.22)   5.25 (0.09)  91.41 ( 0.94)  98.14 ( 1.20) -0.14 (0.13) sing.3  51.69 
307   0.02 (0.01)   0.02 (0.01)  95.01 ( 6.84)   4.59 ( 4.48)  1.86 (0.34) poly.3  96.21 
308   0.07 (0.03)   0.09 (0.01)  96.54 ( 2.82)   2.89 ( 5.38)  1.61 (0.30) poly.3  98.98 
309  12.95 (0.34)  13.09 (0.12)  81.88 ( 1.04)  82.24 ( 2.66)  0.10 (0.04) poly.2  57.09 
310   3.42 (0.18)   3.42 (0.07)  92.07 ( 1.06)  99.84 ( 0.15) -0.18 (0.08) poly.3  99.59 
311   3.09 (0.17)   3.16 (0.06)  95.01 ( 0.66)  95.01 ( 1.23)  0.11 (0.04) poly.2  57.61 
312   7.24 (0.26)   7.16 (0.11)  99.01 ( 0.15)  99.95 ( 0.05) -0.75 (0.11) poly.3  63.26 
313   0.56 (0.07)   0.65 (0.03)  88.76 ( 2.59)  41.46 (22.85)  0.99 (0.17) poly.3  91.29 
314   4.63 (0.21)   4.77 (0.08)  98.29 ( 0.25)  98.38 ( 0.63) -0.23 (0.06) poly.2  57.10 
315  12.29 (0.33)  12.32 (0.14)  97.53 ( 0.27)  99.55 ( 0.29) -0.64 (0.10) sing.3  58.70 
316  16.68 (0.37)  16.62 (0.16)  97.57 ( 0.25)  99.63 ( 0.22) -0.73 (0.08) poly.3  64.73 
317  20.13 (0.40)  20.49 (0.16)  93.91 ( 0.49)  99.22 ( 0.36) -0.70 (0.10) poly.3  64.89 
318  19.01 (0.39)  18.44 (0.15)  88.73 ( 0.77)  91.67 ( 2.03) -0.22 (0.06) sing.3  37.84 
319   0.05 (0.02)   0.08 (0.01)  98.89 ( 1.05)  47.30 (34.36)  0.97 (0.27) poly.3  80.58 
320   0.07 (0.03)   0.06 (0.01)  86.87 ( 8.16)   6.89 ( 6.13)  1.79 (0.30) poly.3  94.46 
321   0.01 (0.01)   0.03 (0.01)  99.97 ( 0.08)   5.16 (11.85)  1.29 (0.32) poly.3  99.51 
322   3.07 (0.17)   3.09 (0.07)  94.60 ( 0.76)  96.95 ( 1.32)  0.03 (0.10) sing.3  37.29 
323  15.28 (0.36)  15.25 (0.14)  94.47 ( 0.46)  95.68 ( 1.10) -0.33 (0.05) poly.2  36.90 
324   0.00 (0.00)   0.01 (0.00)  70.92 (27.24)   8.93 ( 5.55)  2.26 (0.39) poly.3  84.72 
325   8.50 (0.28)   8.54 (0.11)  93.23 ( 0.64)  95.07 ( 1.47) -0.12 (0.06) poly.3  34.21 
326  16.87 (0.37)  16.44 (0.14)  88.62 ( 0.80)  91.80 ( 2.09) -0.18 (0.06) poly.3  40.44 
327   1.37 (0.12)   1.38 (0.05)  96.95 ( 0.64)  97.99 ( 0.99)  0.09 (0.11) poly.2  44.63 
328   0.02 (0.01)   0.03 (0.01)  99.08 ( 1.55)   2.22 ( 4.35)  1.65 (0.32) poly.3  99.14 
329   3.39 (0.18)   3.24 (0.07)  97.37 ( 0.44) 100.00 ( 0.00) -0.59 (0.09) poly.3 100.00 
330   0.02 (0.01)   0.04 (0.01)  99.99 ( 0.03)   7.24 (15.96)  1.13 (0.31) poly.3  99.64 
331   1.02 (0.10)   0.91 (0.03)  93.56 ( 1.33)  91.69 ( 4.19)  0.45 (0.08) poly.2  53.03 
332   0.11 (0.03)   0.14 (0.02)  99.65 ( 0.36)   2.65 ( 6.69)  1.30 (0.28) poly.3  99.87 
333   1.33 (0.11)   1.37 (0.05)  92.15 ( 1.51)  61.85 (18.01)  0.67 (0.13) poly.3  91.86 
334   8.71 (0.28)   8.51 (0.11)  98.33 ( 0.21)  96.77 ( 1.47) -0.32 (0.05) poly.3  59.81 
335   2.63 (0.16)   2.68 (0.07)  91.04 ( 1.22)  98.56 ( 1.13)  0.02 (0.13) poly.3  66.37 
336  10.32 (0.30)  10.26 (0.12)  95.64 ( 0.46)  99.78 ( 0.14) -0.57 (0.08) poly.3  85.04 
337   5.70 (0.23)   5.85 (0.10)  81.37 ( 1.66)  61.69 ( 9.49)  0.49 (0.07) poly.3  95.65 
338   0.01 (0.01)   0.01 (0.00)  98.17 ( 3.99)   2.14 ( 2.54)  1.90 (0.38) poly.3  98.26 
339   0.14 (0.04)   0.19 (0.02)  95.70 ( 2.41)   2.00 ( 4.58)  1.55 (0.27) poly.3  99.73 
340   0.28 (0.05)   0.34 (0.03)  99.94 ( 0.05)  50.48 (39.97)  0.53 (0.24) poly.3  97.29 
341   0.00 (0.00)   0.00 (0.00)   0.00 ( 0.00)   0.00 ( 0.00)  0.00 (0.00) raw    100.00 
342  30.70 (0.46)  30.64 (0.18)  73.08 ( 1.32)  60.12 ( 5.71)  0.03 (0.04) poly.3  97.26 
343   0.01 (0.01)   0.01 (0.00)  44.29 (25.76)   9.62 ( 5.97)  2.42 (0.37) poly.3  77.00 
344  19.44 (0.40)  18.90 (0.16)  85.01 ( 0.98)  91.00 ( 2.62) -0.18 (0.06) poly.3  55.41 
345   3.26 (0.18)   3.39 (0.07)  91.83 ( 0.98)  88.56 ( 3.88)  0.26 (0.06) poly.2  42.27 
346   0.21 (0.05)   0.18 (0.02)  99.38 ( 0.50)  16.25 (24.73)  1.07 (0.27) poly.3  98.26 
347   0.47 (0.07)   0.55 (0.03)  99.43 ( 0.25)  84.38 (17.73)  0.32 (0.18) poly.3  74.78 
348   0.68 (0.08)   0.65 (0.04)  97.05 ( 0.94)  53.31 (27.73)  0.73 (0.19) poly.3  93.21 
349   0.00 (0.00)   0.00 (0.00)   0.00 ( 0.00)   0.00 ( 0.00)  0.00 (0.00) raw    100.00 
350   0.00 (0.00)   0.00 (0.00)   0.00 ( 0.00)   0.00 ( 0.00)  0.00 (0.00) raw    100.00 
351   0.01 (0.01)   0.01 (0.00)  95.88 ( 8.17)   2.98 ( 2.59)  2.02 (0.39) poly.3  96.80 
352   0.12 (0.03)   0.16 (0.02)  93.69 ( 3.05)  42.70 (26.69)  1.12 (0.23) poly.3  76.94 
353   1.73 (0.13)   1.84 (0.05)  80.38 ( 2.28)  91.93 ( 4.22)  0.42 (0.14) poly.3  46.86 
354   1.84 (0.13)   1.92 (0.05)  95.25 ( 0.78)  94.14 ( 2.42)  0.22 (0.06) poly.2  52.84 
355   2.10 (0.14)   2.19 (0.06)  84.72 ( 2.10)  23.42 (12.78)  0.93 (0.12) poly.3 100.00 
356   0.21 (0.05)   0.21 (0.02)  97.37 ( 1.38)  61.48 (28.81)  0.83 (0.21) poly.3  72.57 
357   1.49 (0.12)   1.48 (0.05)  94.86 ( 1.02)  80.43 (11.70)  0.44 (0.11) poly.3  74.62 
358   0.04 (0.02)   0.04 (0.01)  94.88 ( 5.31)   4.35 ( 5.18)  1.76 (0.32) poly.3  97.08 
359   0.24 (0.05)   0.26 (0.02)  96.59 ( 1.51)  63.10 (26.80)  0.81 (0.20) poly.3  72.22 
360   2.16 (0.15)   2.18 (0.06)  99.73 ( 0.07)  98.87 ( 1.23) -0.30 (0.08) poly.3  48.52 
361   0.23 (0.05)   0.25 (0.02)  96.96 ( 1.30)  93.99 ( 6.37)  0.52 (0.13) poly.2  51.73 
362   0.00 (0.00)   0.00 (0.00)  34.70 (46.87)   2.36 ( 4.40)  2.88 (0.58) poly.3  71.84 
363   0.66 (0.08)   0.68 (0.03)  99.00 ( 0.36)  91.50 ( 9.62)  0.25 (0.14) poly.3  57.88 
364   0.00 (0.00)   0.00 (0.00)   0.00 ( 0.00)   0.00 ( 0.00)  0.00 (0.00) raw    100.00 
365   1.37 (0.12)   1.29 (0.05)  99.21 ( 0.25)  53.49 (26.14)  0.49 (0.17) poly.3  99.81 
366   1.50 (0.12)   1.56 (0.05)  99.36 ( 0.17)  98.94 ( 0.89) -0.13 (0.07) poly.2  51.83 
367  33.12 (0.47)  32.93 (0.17)  97.80 ( 0.17)  97.49 ( 0.48) -0.77 (0.03) poly.2  48.19 
368   0.00 (0.00)   0.00 (0.00)  71.55 (39.10)   4.28 ( 4.56)  2.49 (0.50) poly.3  85.81 
369   0.99 (0.10)   1.02 (0.04)  98.82 ( 0.33)  98.70 ( 0.80)  0.03 (0.07) poly.2  57.11 
370  35.21 (0.48)  34.35 (0.17)  88.76 ( 0.60)  87.39 ( 1.70) -0.39 (0.03) poly.2  43.87 
371   0.00 (0.00)   0.00 (0.00)   0.00 ( 0.00)   0.00 ( 0.00)  0.00 (0.00) raw    100.00 
372   0.22 (0.05)   0.35 (0.02)  94.15 ( 1.88)  88.29 ( 9.34)  0.63 (0.12) poly.2  48.01 
373   0.00 (0.00)   0.00 (0.00)   0.00 ( 0.00)   0.00 ( 0.00)  0.00 (0.00) raw    100.00 
374   0.19 (0.04)   0.15 (0.01)  92.41 ( 3.19)  89.06 ( 9.19)  0.81 (0.14) poly.2  54.27 
375   0.04 (0.02)   0.03 (0.01)  98.80 ( 2.00)   4.99 ( 7.85)  1.61 (0.33) poly.3  97.67 
376   0.02 (0.01)   0.02 (0.01)  98.10 ( 3.60)   2.23 ( 2.99)  1.84 (0.35) poly.3  98.44 
377   1.06 (0.10)   0.99 (0.04)  72.39 ( 3.17)  75.05 ( 7.50)  0.84 (0.09) poly.2  54.48 
378   0.67 (0.08)   0.79 (0.03)  92.74 ( 1.51)  92.25 ( 3.23)  0.49 (0.07) poly.2  57.08 
379   5.35 (0.23)   5.20 (0.09)  98.64 ( 0.21)  99.15 ( 0.35) -0.36 (0.08) poly.2  35.94 
380   0.24 (0.05)   0.29 (0.02)  98.40 ( 0.87)  14.68 (21.72)  1.11 (0.25) poly.3  98.89 
381   0.00 (0.00)   0.00 (0.00)   0.00 ( 0.00)   0.00 ( 0.00)  0.00 (0.00) raw    100.00 
382   0.02 (0.01)   0.05 (0.01)  74.55 (11.28)  26.82 (13.15)  1.69 (0.27) poly.3  71.20 
383   0.02 (0.01)   0.02 (0.01)  96.94 ( 4.96)   3.46 ( 3.99)  1.84 (0.35) poly.3  97.41 
384   0.04 (0.02)   0.08 (0.01)  80.72 ( 6.98)  85.18 (10.23)  1.07 (0.21) poly.2  52.93 
385   0.00 (0.00)   0.00 (0.00)   0.00 ( 0.00)   0.00 ( 0.00)  0.00 (0.00) raw    100.00 
386   0.54 (0.07)   0.60 (0.03)  71.35 ( 4.00)  83.24 ( 7.55)  0.83 (0.15) poly.3  37.45 
387   0.13 (0.04)   0.14 (0.02)  92.96 ( 3.57)  26.12 (22.41)  1.29 (0.26) poly.3  86.79 
388   0.96 (0.10)   0.76 (0.04)  95.31 ( 1.28)  52.90 (24.96)  0.77 (0.17) poly.3  93.73 
389   0.36 (0.06)   0.34 (0.03)  98.81 ( 0.62)  34.91 (33.02)  0.88 (0.24) poly.3  95.91 
390   3.23 (0.18)   3.18 (0.07)  92.00 ( 1.06)  98.69 ( 1.00) -0.04 (0.12) poly.3  65.49 
391   0.00 (0.00)   0.00 (0.00)  79.88 (31.39)   4.58 ( 4.70)  2.39 (0.50) poly.3  87.13 
392   0.36 (0.06)   0.47 (0.03)  94.41 ( 1.56)  93.43 ( 3.96)  0.52 (0.09) poly.2  56.19 
393   0.00 (0.00)   0.00 (0.00)  52.85 (50.49)   3.01 ( 4.95)  2.72 (0.57) poly.3  76.69 
394   0.07 (0.03)   0.11 (0.01)  83.79 ( 7.48)   0.99 ( 1.50)  1.93 (0.29) poly.3  99.38 
395   0.00 (0.00)   0.00 (0.00)   0.00 ( 0.00)   0.00 ( 0.00)  0.00 (0.00) raw    100.00 
396   0.00 (0.00)   0.00 (0.00)  92.20 (13.25)   4.19 ( 4.34)  2.20 (0.51) poly.3  91.22 
397   2.52 (0.16)   2.62 (0.07)  83.63 ( 1.96)  63.10 (11.91)  0.64 (0.09) poly.3  86.13 
398   0.00 (0.00)   0.00 (0.00)   0.00 ( 0.00)   0.00 ( 0.00)  0.00 (0.00) raw    100.00 
399   0.05 (0.02)   0.05 (0.01)  98.70 ( 1.71)  10.19 (14.95)  1.44 (0.31) poly.3  96.12 
400   0.00 (0.00)   0.00 (0.00)   0.00 ( 0.00)   0.00 ( 0.00)  0.00 (0.00) raw    100.00 
401   0.16 (0.04)   0.26 (0.02)  99.47 ( 0.38)  13.37 (21.89)  1.04 (0.26) poly.3  99.36 
402   0.00 (0.00)   0.00 (0.00)   0.00 ( 0.00)   0.00 ( 0.00)  0.00 (0.00) raw    100.00 
403   0.03 (0.02)   0.03 (0.01)  89.57 (10.65)   2.59 ( 2.01)  2.03 (0.34) poly.3  97.44 
404   0.04 (0.02)   0.04 (0.01)  87.77 ( 9.54)   5.51 ( 4.49)  1.89 (0.32) poly.3  95.10 
405   0.12 (0.03)   0.09 (0.01)  91.77 ( 4.44)  54.50 (24.64)  1.15 (0.23) poly.3  61.52 
406   0.49 (0.07)   0.58 (0.03)  87.72 ( 2.50)  88.23 ( 6.06)  0.67 (0.11) poly.2  57.22 
407   0.05 (0.02)   0.07 (0.01)  98.87 ( 1.28)   4.17 ( 8.31)  1.47 (0.30) poly.3  98.95 
408   0.00 (0.00)   0.00 (0.00)  76.69 (33.30)   3.88 ( 5.46)  2.48 (0.56) poly.3  82.49 
409   0.00 (0.00)   0.00 (0.00)  98.04 ( 3.00)   3.49 ( 4.02)  1.93 (0.49) poly.3  95.73 
410  11.67 (0.32)  11.62 (0.13)  96.91 ( 0.33)  98.34 ( 0.66) -0.43 (0.07) sing.3  42.18 
411   0.00 (0.00)   0.00 (0.00)   0.00 ( 0.00)   0.00 ( 0.00)  0.00 (0.00) raw    100.00 
412   0.00 (0.00)   0.00 (0.00)   0.00 ( 0.00)   0.00 ( 0.00)  0.00 (0.00) raw    100.00 
413   0.02 (0.01)   0.03 (0.01)  82.29 (12.75)   8.77 ( 5.45)  1.94 (0.32) poly.3  90.84 
414   0.00 (0.00)   0.00 (0.00)   0.00 ( 0.00)   0.00 ( 0.00)  0.00 (0.00) raw    100.00 
415   0.00 (0.00)   0.00 (0.00)   0.00 ( 0.00)   0.00 ( 0.00)  0.00 (0.00) raw    100.00 
416   0.05 (0.02)   0.05 (0.01)  90.92 ( 6.34)  45.52 (23.76)  1.33 (0.26) poly.3  65.21 
417   0.00 (0.00)   0.00 (0.00)   0.00 ( 0.00)   0.00 ( 0.00)  0.00 (0.00) raw    100.00 
418   0.00 (0.00)   0.00 (0.00)   0.00 ( 0.00)   0.00 ( 0.00)  0.00 (0.00) raw    100.00 
419   0.01 (0.01)   0.01 (0.00)  36.39 (24.79)   5.83 ( 3.79)  2.60 (0.39) poly.3  83.26 
420   0.40 (0.06)   0.34 (0.03)  96.50 ( 1.50)  13.41 (19.16)  1.18 (0.24) poly.3  98.94 
421   0.00 (0.00)   0.00 (0.00)  44.72 (42.56)   4.45 ( 5.31)  2.68 (0.49) poly.3  78.28 
422   0.01 (0.01)   0.02 (0.01)  95.02 ( 7.97)   2.87 ( 2.59)  1.98 (0.36) poly.3  97.29 
423   0.00 (0.00)   0.00 (0.00)   0.00 ( 0.00)   0.00 ( 0.00)  0.00 (0.00) raw    100.00 
424   0.17 (0.04)   0.18 (0.02)  99.51 ( 0.42)  13.97 (22.83)  1.09 (0.27) poly.3  98.77 
425   0.00 (0.00)   0.00 (0.00)   0.00 ( 0.00)   0.00 ( 0.00)  0.00 (0.00) raw    100.00 
426   0.00 (0.00)   0.00 (0.00)   0.00 ( 0.00)   0.00 ( 0.00)  0.00 (0.00) raw    100.00 
427   0.00 (0.00)   0.00 (0.00)   0.00 ( 0.00)   0.00 ( 0.00)  0.00 (0.00) raw    100.00 
428   0.00 (0.00)   0.02 (0.01)  84.81 (14.77)   9.14 ( 5.62)  1.99 (0.34) poly.3  89.77 
429   0.00 (0.00)   0.00 (0.00)  79.88 (31.39)   4.58 ( 4.70)  2.39 (0.50) poly.3  87.13 
430   0.00 (0.00)   0.00 (0.00)   0.00 ( 0.00)   0.00 ( 0.00)  0.00 (0.00) raw    100.00 
431   0.00 (0.00)   0.00 (0.00)   0.00 ( 0.00)   0.00 ( 0.00)  0.00 (0.00) raw    100.00 
432   0.00 (0.00)   0.00 (0.00)   0.00 ( 0.00)   0.00 ( 0.00)  0.00 (0.00) raw    100.00 
433   0.00 (0.00)   0.00 (0.00)   0.00 ( 0.00)   0.00 ( 0.00)  0.00 (0.00) raw    100.00 
434   0.00 (0.00)   0.00 (0.00)   0.00 ( 0.00)   0.00 ( 0.00)  0.00 (0.00) raw    100.00 
435   0.00 (0.00)   0.00 (0.00)   0.00 ( 0.00)   0.00 ( 0.00)  0.00 (0.00) raw    100.00 
436   0.00 (0.00)   0.00 (0.00)   0.00 ( 0.00)   0.00 ( 0.00)  0.00 (0.00) raw    100.00 
437   0.00 (0.00)   0.00 (0.00)   0.00 ( 0.00)   0.00 ( 0.00)  0.00 (0.00) raw    100.00 
438   3.33 (0.18)   3.38 (0.07)  86.52 ( 1.35)  87.09 ( 3.44)  0.35 (0.06) poly.2  56.89 
439   0.00 (0.00)   0.00 (0.00)   0.00 ( 0.00)   0.00 ( 0.00)  0.00 (0.00) raw    100.00 
440   0.00 (0.00)   0.00 (0.00)   0.00 ( 0.00)   0.00 ( 0.00)  0.00 (0.00) raw    100.00 
441   0.00 (0.00)   0.00 (0.00)   0.00 ( 0.00)   0.00 ( 0.00)  0.00 (0.00) raw    100.00 
442   0.00 (0.00)   0.00 (0.00)   0.00 ( 0.00)   0.00 ( 0.00)  0.00 (0.00) raw    100.00 
443   0.00 (0.00)   0.00 (0.00)  87.44 (21.86)   4.19 ( 4.28)  2.30 (0.51) poly.3  89.70 
444   0.00 (0.00)   0.00 (0.00)   0.00 ( 0.00)   0.00 ( 0.00)  0.00 (0.00) raw    100.00 
445   0.00 (0.00)   0.00 (0.00)   0.00 ( 0.00)   0.00 ( 0.00)  0.00 (0.00) raw    100.00 
446   0.00 (0.00)   0.00 (0.00)   0.00 ( 0.00)   0.00 ( 0.00)  0.00 (0.00) raw    100.00 
447   0.00 (0.00)   0.00 (0.00)   0.00 ( 0.00)   0.00 ( 0.00)  0.00 (0.00) raw    100.00 
448   0.00 (0.00)   0.00 (0.00)   0.00 ( 0.00)   0.00 ( 0.00)  0.00 (0.00) raw    100.00 
449   0.00 (0.00)   0.00 (0.00)   0.00 ( 0.00)   0.00 ( 0.00)  0.00 (0.00) raw    100.00 
450   0.00 (0.00)   0.00 (0.00)   0.00 ( 0.00)   0.00 ( 0.00)  0.00 (0.00) raw    100.00 
451   0.00 (0.00)   0.00 (0.00)   0.00 ( 0.00)   0.00 ( 0.00)  0.00 (0.00) raw    100.00 
452   0.00 (0.00)   0.00 (0.00)   0.00 ( 0.00)   0.00 ( 0.00)  0.00 (0.00) raw    100.00 
453 100.00 (0.00) 100.00 (0.00) 100.00 ( 0.00) 100.00 ( 0.00)  0.00 (0.00) raw    100.00 
