
Corrected P-values by Akaike Weights Averaging (percent,Frequentist):
    raw           k.1           k.2            k.3            beta0        model  weight 
1    86.72 (0.34)  86.13 (0.13)  99.98 ( 0.00) 100.00 ( 0.00) -2.45 (0.07) poly.3  62.41 
2    98.80 (0.11)  98.99 (0.04) 100.00 ( 0.00)  99.99 ( 0.01) -3.18 (0.07) poly.2  42.67 
3    92.30 (0.27)  92.27 (0.10)  99.97 ( 0.01)  99.90 ( 0.06) -2.35 (0.05) poly.3  81.13 
4    64.95 (0.48)  64.22 (0.17)  99.04 ( 0.08)  98.86 ( 0.25) -1.34 (0.03) poly.2  44.87 
5    72.07 (0.45)  71.67 (0.16)  99.83 ( 0.02)  99.81 ( 0.05) -1.74 (0.02) poly.2  51.74 
6    98.08 (0.14)  98.09 (0.05)  99.99 ( 0.00)  99.99 ( 0.00) -2.94 (0.04) poly.2  57.08 
7    91.99 (0.27)  91.68 (0.10)  99.97 ( 0.01)  99.94 ( 0.03) -2.37 (0.04) poly.3  56.63 
8    81.86 (0.39)  81.13 (0.14)  99.84 ( 0.02)  99.83 ( 0.03) -1.91 (0.02) poly.2  56.36 
9    26.21 (0.44)  25.25 (0.18)  94.90 ( 0.44)  89.57 ( 2.95) -0.39 (0.05) poly.3  95.18 
10   70.38 (0.46)  70.19 (0.17)  99.73 ( 0.03)  99.61 ( 0.13) -1.63 (0.03) poly.3  52.42 
11   82.58 (0.38)  81.88 (0.14)  99.37 ( 0.06)  99.36 ( 0.11) -1.70 (0.02) poly.2  57.02 
12   84.16 (0.37)  83.91 (0.13)  99.47 ( 0.05)  99.39 ( 0.14) -1.76 (0.03) poly.2  50.34 
13   55.79 (0.50)  55.38 (0.19)  77.21 ( 1.17)  47.43 ( 5.64) -0.24 (0.04) poly.3 100.00 
14   68.44 (0.46)  67.98 (0.17)  98.89 ( 0.09)  98.78 ( 0.22) -1.37 (0.02) poly.2  51.55 
15   83.32 (0.37)  83.08 (0.14)  99.73 ( 0.03)  99.69 ( 0.08) -1.86 (0.03) poly.2  50.59 
16   35.22 (0.48)  34.18 (0.19)  88.46 ( 0.75)  94.60 ( 1.68) -0.52 (0.06) poly.3  76.76 
17   36.63 (0.48)  36.42 (0.17)  97.59 ( 0.17)  97.59 ( 0.30) -0.81 (0.02) poly.2  57.61 
18   57.02 (0.50)  56.63 (0.19)  85.08 ( 0.90)  61.93 ( 5.43) -0.42 (0.04) poly.3 100.00 
19   46.17 (0.50)  45.17 (0.17)  97.30 ( 0.18)  97.31 ( 0.32) -0.90 (0.02) poly.2  57.60 
20   42.94 (0.49)  41.77 (0.17)  96.35 ( 0.23)  96.33 ( 0.42) -0.79 (0.02) poly.2  57.55 
21   56.46 (0.50)  54.85 (0.19)  99.96 ( 0.01)  99.97 ( 0.01) -1.78 (0.05) poly.3  37.06 
22   25.97 (0.44)  25.12 (0.15)  95.32 ( 0.31)  95.27 ( 0.59) -0.50 (0.02) poly.2  57.37 
23   35.62 (0.48)  35.39 (0.18)  95.15 ( 0.32)  95.51 ( 0.80) -0.65 (0.03) poly.2  52.42 
24   76.80 (0.42)  76.50 (0.15)  99.80 ( 0.02)  99.80 ( 0.03) -1.80 (0.02) poly.2  57.61 
25   58.96 (0.49)  58.09 (0.19)  99.71 ( 0.03)  99.81 ( 0.06) -1.53 (0.05) poly.3  40.18 
26   26.46 (0.44)  25.70 (0.18)  99.04 ( 0.10)  99.58 ( 0.19) -0.94 (0.06) poly.3  47.64 
27   63.86 (0.48)  64.44 (0.18)  90.55 ( 0.64)  85.69 ( 2.98) -0.78 (0.04) poly.3  86.37 
28   29.02 (0.45)  28.67 (0.18)  99.20 ( 0.08)  99.55 ( 0.17) -0.99 (0.05) poly.3  43.74 
29   16.85 (0.37)  16.64 (0.15)  97.65 ( 0.25)  99.04 ( 0.44) -0.63 (0.07) poly.3  49.40 
30   20.03 (0.40)  19.16 (0.15)  98.89 ( 0.11)  98.46 ( 0.49) -0.68 (0.03) poly.3  45.09 
31    8.75 (0.28)   9.32 (0.12)  88.46 ( 0.98)  95.53 ( 2.08) -0.14 (0.11) sing.3  65.12 
32   23.30 (0.42)  22.76 (0.18)  98.93 ( 0.12)  99.79 ( 0.13) -0.96 (0.08) poly.3  52.64 
33   37.30 (0.48)  36.78 (0.18)  97.62 ( 0.18)  97.80 ( 0.44) -0.83 (0.03) poly.2  53.47 
34   45.47 (0.50)  44.61 (0.20)  93.75 ( 0.48)  66.92 ( 5.40) -0.43 (0.04) poly.3 100.00 
35   45.26 (0.50)  44.60 (0.20)  98.45 ( 0.15)  99.67 ( 0.15) -1.17 (0.06) poly.3  81.84 
36   16.63 (0.37)  16.18 (0.13)  91.93 ( 0.54)  91.39 ( 1.25) -0.20 (0.03) poly.2  53.25 
37   10.09 (0.30)   9.63 (0.13)  99.25 ( 0.11)  99.93 ( 0.06) -0.80 (0.09) poly.3  60.29 
38   48.12 (0.50)  47.15 (0.20)  98.80 ( 0.12)  99.81 ( 0.10) -1.33 (0.08) poly.3  51.61 
39   36.59 (0.48)  36.18 (0.20)  98.37 ( 0.16)  89.67 ( 2.88) -0.67 (0.05) poly.3 100.00 
40   24.47 (0.43)  24.93 (0.16)  98.34 ( 0.14)  98.39 ( 0.36) -0.73 (0.03) poly.2  57.02 
41   32.73 (0.47)  32.14 (0.16)  96.79 ( 0.22)  96.61 ( 0.49) -0.69 (0.02) poly.2  54.52 
42   23.19 (0.42)  22.85 (0.17)  98.74 ( 0.13)  97.64 ( 0.87) -0.69 (0.04) poly.3  72.72 
43   30.58 (0.46)  30.52 (0.19)  96.99 ( 0.27)  99.16 ( 0.40) -0.87 (0.08) sing.3  51.14 
44   49.96 (0.50)  49.38 (0.20)  99.60 ( 0.05)  99.90 ( 0.06) -1.46 (0.07) poly.3  50.36 
45   63.93 (0.48)  63.26 (0.17)  91.60 ( 0.43)  91.59 ( 0.77) -0.86 (0.02) poly.2  57.61 
46   80.08 (0.40)  79.51 (0.15)  99.35 ( 0.07)  99.05 ( 0.31) -1.62 (0.03) poly.3  57.25 
47   25.49 (0.44)  24.49 (0.16)  97.89 ( 0.19)  96.84 ( 0.94) -0.63 (0.04) poly.3  59.43 
48   49.38 (0.50)  49.38 (0.21)  99.66 ( 0.04)  99.95 ( 0.03) -1.55 (0.08) sing.3  53.39 
49   88.15 (0.32)  88.21 (0.12)  99.86 ( 0.02)  99.89 ( 0.04) -2.11 (0.04) poly.2  46.32 
50   83.62 (0.37)  83.61 (0.14)  99.94 ( 0.01)  99.94 ( 0.02) -2.11 (0.03) poly.2  57.27 
51   45.46 (0.50)  44.98 (0.20)  98.47 ( 0.14)  99.29 ( 0.28) -1.12 (0.06) poly.3  47.28 
52   61.18 (0.49)  60.69 (0.17)  99.48 ( 0.04)  99.48 ( 0.08) -1.42 (0.02) poly.2  57.58 
53   24.76 (0.43)  24.91 (0.18)  95.83 ( 0.38)  89.90 ( 2.98) -0.41 (0.05) poly.3  98.78 
54   33.78 (0.47)  33.88 (0.17)  82.61 ( 0.86)  79.31 ( 2.87) -0.23 (0.03) poly.3  56.05 
55   17.13 (0.38)  17.16 (0.16)  97.57 ( 0.26)  93.60 ( 2.39) -0.40 (0.05) poly.3  94.96 
56    4.66 (0.21)   4.97 (0.09)  86.92 ( 1.23)  91.27 ( 2.88)  0.18 (0.08) sing.3  36.82 
57   53.34 (0.50)  53.56 (0.19)  92.90 ( 0.51)  97.77 ( 0.75) -0.94 (0.06) poly.3  85.89 
58   76.35 (0.42)  76.52 (0.15)  99.39 ( 0.05)  99.36 ( 0.11) -1.61 (0.02) poly.2  56.04 
59   12.51 (0.33)  12.48 (0.14)  93.59 ( 0.60)  97.63 ( 1.11) -0.34 (0.08) poly.3  54.05 
60   32.68 (0.47)  32.13 (0.19)  93.19 ( 0.53)  86.15 ( 3.42) -0.41 (0.05) poly.3  98.46 
61   35.59 (0.48)  34.77 (0.19)  92.51 ( 0.55)  87.40 ( 2.98) -0.45 (0.04) poly.3  90.21 
62   16.45 (0.37)  16.08 (0.16)  98.64 ( 0.16)  99.72 ( 0.17) -0.79 (0.08) poly.3  59.18 
63   11.77 (0.32)  12.04 (0.12)  91.06 ( 0.70)  92.90 ( 1.73) -0.13 (0.05) poly.2  37.79 
64   27.23 (0.45)  27.62 (0.16)  96.16 ( 0.26)  96.09 ( 0.50) -0.59 (0.02) poly.2  57.05 
65   71.89 (0.45)  72.26 (0.17)  91.44 ( 0.65)  70.92 ( 5.07) -0.78 (0.05) poly.3 100.00 
66   42.24 (0.49)  41.85 (0.19)  94.25 ( 0.42)  91.24 ( 2.06) -0.63 (0.04) poly.3  78.70 
67   52.86 (0.50)  52.50 (0.20)  95.48 ( 0.37)  85.27 ( 3.35) -0.72 (0.04) poly.3 100.00 
68   38.63 (0.49)  37.59 (0.17)  97.87 ( 0.15)  97.74 ( 0.35) -0.85 (0.02) poly.2  53.95 
69   12.01 (0.33)  11.82 (0.12)  95.66 ( 0.41)  93.66 ( 1.91) -0.22 (0.04) poly.3  54.24 
70   46.57 (0.50)  46.40 (0.18)  96.02 ( 0.26)  95.49 ( 0.75) -0.82 (0.02) poly.2  45.99 
71   14.66 (0.35)  14.89 (0.13)  98.01 ( 0.20)  97.07 ( 0.96) -0.47 (0.04) poly.3  50.95 
72   15.19 (0.36)  14.61 (0.15)  95.66 ( 0.44)  87.72 ( 4.07) -0.19 (0.06) poly.3  98.79 
73   10.16 (0.30)   9.86 (0.12)  97.39 ( 0.31)  98.99 ( 0.51) -0.46 (0.08) poly.3  50.60 
74   26.45 (0.44)  25.92 (0.16)  98.56 ( 0.13)  98.61 ( 0.32) -0.77 (0.03) poly.2  56.89 
75   38.76 (0.49)  38.15 (0.19)  96.40 ( 0.29)  97.83 ( 0.68) -0.82 (0.06) poly.3  44.57 
76    0.36 (0.06)   0.39 (0.03)  96.98 ( 1.17)  58.25 (28.30)  0.78 (0.20) poly.3  82.05 
77   29.74 (0.46)  29.87 (0.18)  98.75 ( 0.12)  99.26 ( 0.26) -0.93 (0.06) sing.3  44.19 
78   52.84 (0.50)  52.63 (0.20)  99.15 ( 0.09)  99.77 ( 0.11) -1.37 (0.06) poly.3  63.01 
79   41.33 (0.49)  41.01 (0.19)  97.65 ( 0.20)  96.11 ( 1.12) -0.83 (0.04) poly.3  77.12 
80   33.03 (0.47)  32.03 (0.19)  98.60 ( 0.14)  99.26 ( 0.27) -0.94 (0.05) poly.3  55.20 
81    6.36 (0.24)   6.36 (0.11)  98.95 ( 0.16)  99.94 ( 0.06) -0.67 (0.09) poly.3  77.85 
82   49.92 (0.50)  50.25 (0.20)  75.27 ( 1.22)  31.15 ( 5.04) -0.05 (0.04) poly.3 100.00 
83   19.64 (0.40)  19.38 (0.15)  92.46 ( 0.58)  88.65 ( 2.81) -0.23 (0.04) poly.3  71.38 
84    6.31 (0.24)   6.04 (0.10)  95.72 ( 0.54)  99.33 ( 0.47) -0.31 (0.09) poly.3  75.37 
85   17.72 (0.38)  17.47 (0.13)  96.00 ( 0.31)  95.68 ( 0.75) -0.40 (0.03) poly.2  53.27 
86   35.12 (0.48)  35.44 (0.18)  96.17 ( 0.29)  97.07 ( 0.71) -0.74 (0.05) sing.3  35.21 
87   63.88 (0.48)  63.54 (0.18)  99.51 ( 0.05)  99.64 ( 0.10) -1.50 (0.04) poly.3  33.78 
88   11.63 (0.32)  11.48 (0.13)  96.48 ( 0.38)  99.75 ( 0.16) -0.59 (0.08) poly.3  87.54 
89   52.05 (0.50)  50.79 (0.20)  98.49 ( 0.15)  99.62 ( 0.18) -1.26 (0.07) poly.3  62.58 
90   12.58 (0.33)  12.67 (0.12)  98.66 ( 0.15)  98.23 ( 0.58) -0.51 (0.04) poly.2  44.82 
91   54.44 (0.50)  53.73 (0.19)  97.10 ( 0.22)  97.61 ( 0.52) -1.02 (0.04) poly.2  38.82 
92   28.55 (0.45)  28.40 (0.17)  77.91 ( 0.98)  79.45 ( 2.63) -0.12 (0.04) poly.2  48.93 
93   90.03 (0.30)  90.32 (0.11)  99.99 ( 0.00)  99.99 ( 0.00) -2.48 (0.03) poly.2  57.57 
94   30.78 (0.46)  30.43 (0.19)  94.71 ( 0.44)  85.24 ( 3.69) -0.41 (0.05) poly.3  99.99 
95   54.47 (0.50)  52.55 (0.20)  98.37 ( 0.16)  94.10 ( 1.74) -0.96 (0.04) poly.3 100.00 
96    2.82 (0.17)   2.84 (0.06)  96.00 ( 0.59)  95.35 ( 1.63)  0.09 (0.05) poly.2  54.02 
97   33.35 (0.47)  33.21 (0.19)  90.93 ( 0.66)  78.53 ( 4.50) -0.31 (0.05) poly.3  99.99 
98   25.99 (0.44)  25.37 (0.18)  97.89 ( 0.21)  99.40 ( 0.30) -0.84 (0.07) poly.3  57.78 
99   17.09 (0.38)  17.21 (0.14)  85.77 ( 0.82)  85.93 ( 2.12) -0.06 (0.04) poly.2  57.46 
100   9.50 (0.29)   9.01 (0.12)  99.84 ( 0.03)  99.90 ( 0.04) -0.86 (0.06) poly.2  38.47 
101  34.24 (0.47)  34.02 (0.16)  93.15 ( 0.39)  92.92 ( 0.80) -0.53 (0.02) poly.2  55.54 
102  17.79 (0.38)  17.58 (0.14)  99.01 ( 0.10)  99.14 ( 0.24) -0.72 (0.04) poly.2  51.58 
103  66.04 (0.47)  65.04 (0.18)  98.77 ( 0.12)  97.86 ( 0.68) -1.27 (0.04) poly.3  78.99 
104  31.60 (0.46)  30.94 (0.18)  95.80 ( 0.33)  97.04 ( 0.79) -0.67 (0.05) poly.3  40.63 
105  57.64 (0.49)  57.79 (0.19)  92.36 ( 0.56)  61.02 ( 5.54) -0.53 (0.04) poly.3 100.00 
106  48.02 (0.50)  48.30 (0.19)  98.64 ( 0.11)  98.84 ( 0.26) -1.10 (0.04) poly.2  45.14 
107   9.91 (0.30)  10.30 (0.13)  99.50 ( 0.07)  99.83 ( 0.09) -0.79 (0.08) sing.3  45.23 
108   9.68 (0.30)   9.53 (0.11)  99.31 ( 0.09)  99.24 ( 0.23) -0.57 (0.03) poly.2  55.30 
109  42.97 (0.50)  43.34 (0.20)  94.15 ( 0.43)  96.57 ( 1.05) -0.79 (0.06) poly.3  48.85 
110  42.93 (0.49)  41.35 (0.20)  95.36 ( 0.38)  69.69 ( 5.32) -0.44 (0.05) poly.3 100.00 
111  39.28 (0.49)  39.05 (0.19)  97.88 ( 0.20)  95.46 ( 1.43) -0.79 (0.04) poly.3  94.46 
112  35.49 (0.48)  34.66 (0.17)  93.93 ( 0.36)  93.53 ( 0.85) -0.57 (0.02) poly.2  52.39 
113  18.23 (0.39)  17.17 (0.14)  98.87 ( 0.12)  98.29 ( 0.60) -0.63 (0.04) poly.3  50.67 
114  45.68 (0.50)  45.35 (0.20)  99.31 ( 0.07)  99.87 ( 0.07) -1.35 (0.06) poly.3  65.04 
115  22.05 (0.41)  21.95 (0.17)  76.11 ( 1.34)  55.79 ( 6.51)  0.17 (0.05) poly.3  99.98 
116  18.02 (0.38)  17.70 (0.16)  97.86 ( 0.23)  99.92 ( 0.05) -0.84 (0.06) poly.3  97.96 
117  64.64 (0.48)  65.33 (0.19)  98.26 ( 0.17)  95.13 ( 1.48) -1.14 (0.04) poly.3  99.89 
118  17.52 (0.38)  17.65 (0.15)  73.37 ( 1.47)  94.08 ( 1.96) -0.08 (0.05) poly.3  99.93 
119   2.27 (0.15)   2.24 (0.06)  96.92 ( 0.53)  97.25 ( 1.24)  0.05 (0.08) poly.2  56.04 
120   3.16 (0.17)   3.22 (0.08)  99.26 ( 0.16)  83.78 (10.69)  0.07 (0.12) poly.3  99.70 
121   1.77 (0.13)   1.83 (0.06)  99.63 ( 0.11)  77.86 (17.33)  0.18 (0.15) poly.3  99.41 
122  30.94 (0.46)  30.37 (0.18)  94.82 ( 0.42)  90.59 ( 2.53) -0.48 (0.04) poly.3  90.25 
123  48.08 (0.50)  47.85 (0.19)  99.60 ( 0.04)  99.71 ( 0.09) -1.33 (0.04) sing.3  33.68 
124  40.26 (0.49)  39.63 (0.17)  90.74 ( 0.48)  90.41 ( 0.99) -0.53 (0.02) poly.2  54.81 
125  22.92 (0.42)  22.51 (0.15)  89.58 ( 0.62)  89.84 ( 1.58) -0.26 (0.03) poly.2  56.85 
126  22.56 (0.42)  21.48 (0.15)  89.55 ( 0.61)  88.65 ( 1.53) -0.22 (0.03) poly.2  49.84 
127  21.71 (0.41)  21.56 (0.15)  94.29 ( 0.40)  94.48 ( 1.02) -0.40 (0.03) poly.2  56.70 
128  29.23 (0.45)  28.98 (0.18)  82.27 ( 1.06)  70.51 ( 5.28) -0.09 (0.05) poly.3  98.05 
129  48.63 (0.50)  48.05 (0.17)  99.17 ( 0.06)  99.16 ( 0.12) -1.17 (0.02) poly.2  57.27 
130  23.46 (0.42)  23.57 (0.15)  83.02 ( 0.85)  83.41 ( 2.19) -0.12 (0.03) poly.2  56.75 
131  17.06 (0.38)  16.58 (0.16)  98.15 ( 0.20)  99.35 ( 0.33) -0.69 (0.07) poly.3  54.47 
132  43.37 (0.50)  42.76 (0.20)  95.78 ( 0.35)  85.57 ( 3.40) -0.61 (0.05) poly.3 100.00 
133  28.97 (0.45)  28.17 (0.17)  96.18 ( 0.28)  96.50 ( 0.68) -0.61 (0.03) poly.2  52.20 
134  11.90 (0.32)  11.41 (0.12)  94.68 ( 0.47)  93.10 ( 1.78) -0.18 (0.04) poly.3  44.54 
135  19.20 (0.39)  19.23 (0.15)  99.00 ( 0.10)  99.13 ( 0.24) -0.75 (0.04) poly.2  51.52 
136   9.88 (0.30)   9.76 (0.13)  96.84 ( 0.36)  99.20 ( 0.48) -0.48 (0.10) sing.3  54.11 
137  20.55 (0.40)  20.31 (0.17)  96.92 ( 0.31)  91.21 ( 2.91) -0.39 (0.05) poly.3  99.17 
138   3.05 (0.17)   3.14 (0.07)  92.27 ( 1.06)  99.87 ( 0.12) -0.19 (0.09) poly.3  99.10 
139   4.41 (0.21)   4.69 (0.08)  94.62 ( 0.65)  96.38 ( 1.32) -0.04 (0.08) poly.2  35.40 
140  36.83 (0.48)  36.46 (0.18)  99.64 ( 0.04)  99.66 ( 0.09) -1.18 (0.03) poly.2  55.43 
141  28.99 (0.45)  28.70 (0.18)  82.81 ( 1.04)  69.61 ( 5.43) -0.08 (0.05) poly.3  99.36 
142  41.04 (0.49)  40.11 (0.18)  95.34 ( 0.31)  94.60 ( 0.93) -0.70 (0.03) poly.2  43.49 
143  46.83 (0.50)  47.40 (0.18)  92.77 ( 0.46)  90.81 ( 1.71) -0.67 (0.03) poly.3  58.32 
144  27.38 (0.45)  26.93 (0.15)  95.18 ( 0.31)  95.05 ( 0.62) -0.52 (0.02) poly.2  56.57 
145  19.08 (0.39)  18.74 (0.14)  98.50 ( 0.13)  98.50 ( 0.25) -0.64 (0.02) poly.2  57.61 
146   3.92 (0.19)   3.66 (0.07)  96.64 ( 0.48)  97.36 ( 0.98) -0.06 (0.07) poly.2  48.60 
147  40.50 (0.49)  40.02 (0.19)  90.57 ( 0.66)  81.92 ( 3.87) -0.43 (0.04) poly.3  99.21 
148   9.71 (0.30)   9.80 (0.10)  95.49 ( 0.40)  95.48 ( 0.75) -0.20 (0.03) poly.2  57.61 
149   5.14 (0.22)   5.06 (0.09)  99.26 ( 0.13) 100.00 ( 0.00) -1.13 (0.07) poly.3 100.00 
150   1.11 (0.10)   1.01 (0.04)  93.16 ( 1.38)  86.79 ( 7.58)  0.49 (0.09) poly.3  43.69 
151   3.05 (0.17)   3.17 (0.07)  96.54 ( 0.52)  97.36 ( 1.03) -0.02 (0.08) poly.2  47.77 
152   3.84 (0.19)   3.77 (0.07)  88.40 ( 1.18)  89.74 ( 2.84)  0.27 (0.06) poly.2  52.66 
153  40.84 (0.49)  40.56 (0.17)  83.42 ( 0.69)  83.44 ( 1.24) -0.37 (0.02) poly.2  57.60 
154   6.60 (0.25)   6.27 (0.10)  99.58 ( 0.07)  98.91 ( 0.73) -0.48 (0.06) poly.3  55.95 
155   9.74 (0.30)   9.55 (0.11)  94.66 ( 0.52)  92.02 ( 2.46) -0.11 (0.05) poly.3  55.39 
156  25.36 (0.44)  25.62 (0.17)  79.01 ( 1.19)  94.87 ( 1.62) -0.28 (0.05) poly.3  99.62 
157  41.62 (0.49)  40.19 (0.18)  94.85 ( 0.33)  95.12 ( 0.81) -0.70 (0.03) poly.2  54.49 
158   0.06 (0.02)   0.07 (0.01)  99.06 ( 1.13)   6.12 (11.33)  1.42 (0.30) poly.3  98.43 
159  23.88 (0.43)  23.37 (0.15)  90.47 ( 0.54)  90.04 ( 1.18) -0.29 (0.02) poly.2  54.39 
160  26.51 (0.44)  25.85 (0.16)  93.53 ( 0.43)  92.35 ( 1.38) -0.41 (0.03) poly.3  42.52 
161  40.90 (0.49)  40.51 (0.19)  95.21 ( 0.38)  91.96 ( 2.06) -0.65 (0.04) poly.3  86.09 
162  15.12 (0.36)  14.85 (0.13)  97.37 ( 0.25)  96.37 ( 1.07) -0.42 (0.04) poly.3  47.54 
163   7.33 (0.26)   7.27 (0.11)  92.35 ( 0.81)  99.71 ( 0.20) -0.33 (0.07) poly.3  98.50 
164  81.16 (0.39)  80.93 (0.14)  99.88 ( 0.01)  99.86 ( 0.04) -1.95 (0.03) poly.2  47.85 
165   6.03 (0.24)   5.55 (0.08)  99.29 ( 0.11)  99.25 ( 0.24) -0.42 (0.04) poly.2  57.12 
166  29.59 (0.46)  29.69 (0.19)  97.68 ( 0.22)  99.19 ( 0.37) -0.87 (0.07) poly.3  50.28 
167   6.71 (0.25)   6.54 (0.10)  97.06 ( 0.40)  90.93 ( 4.29) -0.06 (0.07) poly.3  87.86 
168  72.69 (0.45)  72.48 (0.17)  89.35 ( 0.62)  90.98 ( 1.62) -0.96 (0.05) poly.2  36.61 
169  17.42 (0.38)  17.26 (0.16)  98.97 ( 0.12)  99.96 ( 0.03) -0.96 (0.06) poly.3  94.72 
170   5.01 (0.22)   4.87 (0.09)  99.85 ( 0.03)  99.59 ( 0.35) -0.60 (0.06) poly.3  46.55 
171   5.56 (0.23)   5.48 (0.09)  87.28 ( 1.26)  76.51 ( 7.12)  0.33 (0.07) poly.3  78.98 
172   9.89 (0.30)  10.46 (0.12)  59.17 ( 1.95)  84.51 ( 4.29)  0.29 (0.07) poly.3  93.21 
173  10.96 (0.31)  10.79 (0.11)  88.73 ( 0.78)  87.79 ( 1.88)  0.02 (0.03) poly.2  51.97 
174   8.27 (0.28)   8.19 (0.11)  94.89 ( 0.55)  97.41 ( 1.08) -0.23 (0.08) poly.3  50.03 
175  21.47 (0.41)  20.63 (0.16)  95.62 ( 0.39)  97.82 ( 0.83) -0.54 (0.06) poly.3  56.37 
176   1.84 (0.13)   1.72 (0.05)  92.73 ( 1.10)  92.12 ( 2.51)  0.34 (0.06) poly.2  56.25 
177   5.05 (0.22)   4.96 (0.08)  96.17 ( 0.49)  93.88 ( 2.49) -0.01 (0.05) poly.3  47.88 
178  28.15 (0.45)  28.42 (0.17)  99.52 ( 0.05)  99.57 ( 0.11) -1.02 (0.04) poly.2  52.06 
179   6.18 (0.24)   5.82 (0.08)  92.73 ( 0.71)  91.63 ( 1.98)  0.07 (0.04) poly.2  50.87 
180  14.29 (0.35)  14.20 (0.15)  98.99 ( 0.12)  99.96 ( 0.03) -1.00 (0.10) poly.3  65.00 
181   4.44 (0.21)   4.49 (0.08)  94.48 ( 0.68)  91.23 ( 3.36)  0.10 (0.06) poly.3  49.96 
182   4.80 (0.21)   4.88 (0.09)  98.01 ( 0.32)  90.33 ( 5.40) -0.02 (0.09) poly.3  93.49 
183   5.04 (0.22)   4.53 (0.09)  96.52 ( 0.53)  82.87 ( 8.15)  0.15 (0.09) poly.3  97.76 
184   0.05 (0.02)   0.04 (0.01)  99.48 ( 0.89)   1.68 ( 3.93)  1.59 (0.32) poly.3  99.57 
185  19.28 (0.39)  18.55 (0.14)  96.26 ( 0.31)  96.65 ( 0.74) -0.46 (0.04) poly.2  51.24 
186  13.93 (0.35)  13.09 (0.12)  93.97 ( 0.45)  93.79 ( 0.92) -0.21 (0.03) poly.2  56.63 
187  10.24 (0.30)  10.20 (0.13)  95.26 ( 0.53)  84.10 ( 5.54) -0.03 (0.07) poly.3  99.36 
188  15.24 (0.36)  15.89 (0.14)  65.55 ( 1.44)  82.98 ( 4.13)  0.01 (0.15) sing.3  68.34 
189   6.61 (0.25)   6.71 (0.10)  99.20 ( 0.12)  99.40 ( 0.23) -0.49 (0.06) poly.2  47.02 
190   0.50 (0.07)   0.54 (0.03)  99.83 ( 0.09)  88.27 (15.82)  0.18 (0.19) poly.3  77.44 
191   0.49 (0.07)   0.56 (0.03)  99.25 ( 0.29)  99.27 ( 0.74)  0.04 (0.13) poly.2  57.12 
192  26.17 (0.44)  26.15 (0.18)  96.72 ( 0.29)  99.32 ( 0.34) -0.83 (0.09) poly.3  50.46 
193  57.20 (0.49)  57.52 (0.18)  97.85 ( 0.16)  98.04 ( 0.38) -1.12 (0.03) poly.2  51.10 
194   2.47 (0.16)   2.44 (0.06)  93.81 ( 0.95)  86.46 ( 6.60)  0.31 (0.08) poly.3  61.07 
195  20.60 (0.40)  20.12 (0.15)  98.09 ( 0.17)  98.26 ( 0.41) -0.63 (0.04) poly.2  53.66 
196   4.38 (0.20)   4.15 (0.08)  99.76 ( 0.05)  99.71 ( 0.16) -0.53 (0.05) poly.2  55.11 
197   8.85 (0.28)   8.64 (0.12)  86.62 ( 1.21)  54.26 ( 9.28)  0.38 (0.07) poly.3 100.00 
198  45.65 (0.50)  45.95 (0.20)  94.24 ( 0.43)  98.65 ( 0.50) -0.94 (0.07) poly.3  83.40 
199  21.00 (0.41)  20.46 (0.15)  99.66 ( 0.04)  99.53 ( 0.17) -0.92 (0.03) poly.2  44.04 
200   8.48 (0.28)   8.37 (0.11)  94.32 ( 0.56)  95.93 ( 1.26) -0.16 (0.06) poly.2  34.45 
201   5.02 (0.22)   5.04 (0.09)  94.97 ( 0.63)  97.97 ( 1.03) -0.15 (0.10) sing.3  46.54 
202   3.71 (0.19)   3.61 (0.07)  99.60 ( 0.08)  99.56 ( 0.20) -0.42 (0.05) poly.2  56.90 
203  25.95 (0.44)  26.27 (0.17)  96.13 ( 0.31)  94.40 ( 1.46) -0.53 (0.04) poly.3  63.08 
204   0.53 (0.07)   0.59 (0.03)  97.51 ( 0.88)  40.49 (29.70)  0.82 (0.20) poly.3  97.00 
205  39.31 (0.49)  39.42 (0.20)  94.69 ( 0.41)  97.93 ( 0.80) -0.82 (0.07) poly.3  53.54 
206   5.50 (0.23)   5.10 (0.09)  99.67 ( 0.06)  99.09 ( 0.69) -0.47 (0.06) poly.3  52.99 
207  14.72 (0.35)  14.97 (0.14)  98.47 ( 0.16)  98.75 ( 0.36) -0.59 (0.05) poly.2  46.13 
208   3.38 (0.18)   3.33 (0.07)  77.20 ( 2.04)  87.72 ( 4.90)  0.40 (0.11) poly.3  43.83 
209  11.67 (0.32)  11.82 (0.14)  96.43 ( 0.40)  89.84 ( 3.82) -0.18 (0.06) poly.3  96.15 
210  18.38 (0.39)  17.63 (0.13)  84.51 ( 0.82)  83.72 ( 1.81) -0.04 (0.03) poly.2  53.21 
211   1.66 (0.13)   1.67 (0.05)  98.82 ( 0.27)  98.44 ( 0.98) -0.05 (0.07) poly.2  54.12 
212  30.77 (0.46)  30.77 (0.16)  95.54 ( 0.28)  95.40 ( 0.58) -0.60 (0.02) poly.2  56.19 
213  18.84 (0.39)  18.36 (0.14)  86.45 ( 0.85)  82.63 ( 3.20) -0.06 (0.04) poly.3  59.05 
214   7.52 (0.26)   7.54 (0.10)  75.52 ( 1.45)  76.24 ( 3.70)  0.37 (0.05) poly.2  56.57 
215   6.42 (0.25)   6.44 (0.09)  95.65 ( 0.49)  93.55 ( 2.27) -0.06 (0.05) poly.3  47.41 
216   6.48 (0.25)   6.07 (0.09)  96.74 ( 0.38)  96.05 ( 1.21) -0.13 (0.04) poly.2  50.32 
217   2.61 (0.16)   2.45 (0.06)  99.01 ( 0.21)  97.86 ( 1.60) -0.13 (0.07) poly.2  42.88 
218  15.09 (0.36)  15.22 (0.13)  81.98 ( 1.00)  83.05 ( 2.56)  0.04 (0.04) poly.2  53.15 
219  17.06 (0.38)  16.58 (0.13)  97.56 ( 0.21)  97.58 ( 0.37) -0.50 (0.03) poly.2  57.53 
220  26.45 (0.44)  26.84 (0.18)  78.57 ( 1.21)  63.80 ( 5.86)  0.02 (0.05) poly.3  99.40 
221  18.37 (0.39)  17.36 (0.16)  96.92 ( 0.32)  88.09 ( 3.87) -0.29 (0.06) poly.3  99.98 
222   5.00 (0.22)   4.82 (0.08)  96.88 ( 0.39)  96.74 ( 0.83) -0.10 (0.04) poly.2  56.99 
223  23.56 (0.42)  23.48 (0.16)  99.23 ( 0.08)  99.25 ( 0.20) -0.85 (0.04) poly.2  57.29 
224  20.46 (0.40)  20.17 (0.17)  97.87 ( 0.23)  94.59 ( 1.99) -0.49 (0.05) poly.3  94.66 
225   0.40 (0.06)   0.42 (0.03)  99.03 ( 0.48)  29.32 (31.03)  0.87 (0.23) poly.3  98.43 
226  11.54 (0.32)  11.24 (0.13)  95.41 ( 0.47)  99.29 ( 0.42) -0.50 (0.10) poly.3  61.67 
227   0.70 (0.08)   0.58 (0.03)  85.97 ( 2.67)  83.87 ( 6.38)  0.74 (0.08) poly.2  55.07 
228   6.48 (0.25)   6.57 (0.10)  89.03 ( 1.03)  94.13 ( 2.31)  0.02 (0.09) sing.3  46.89 
229   3.38 (0.18)   3.27 (0.08)  98.15 ( 0.35)  64.95 (15.40)  0.30 (0.11) poly.3 100.00 
230   0.30 (0.05)   0.36 (0.03)  97.88 ( 0.96)  35.61 (31.35)  0.92 (0.23) poly.3  94.72 
231   2.18 (0.15)   2.33 (0.06)  93.61 ( 0.94)  96.30 ( 1.61)  0.12 (0.11) sing.3  40.48 
232   2.67 (0.16)   2.66 (0.07)  96.70 ( 0.58)  88.43 ( 6.90)  0.19 (0.09) poly.3  75.53 
233  46.96 (0.50)  45.92 (0.18)  94.16 ( 0.36)  94.41 ( 0.89) -0.74 (0.03) poly.2  55.39 
234   3.87 (0.19)   4.01 (0.08)  65.43 ( 2.27)  86.34 ( 5.67)  0.38 (0.16) sing.3  57.72 
235   4.40 (0.21)   4.46 (0.09)  95.79 ( 0.58)  99.88 ( 0.11) -0.38 (0.09) poly.3  90.47 
236  11.50 (0.32)  11.33 (0.11)  98.49 ( 0.16)  98.21 ( 0.50) -0.46 (0.03) poly.2  50.82 
237   0.23 (0.05)   0.22 (0.02)  99.52 ( 0.35)  52.01 (36.75)  0.73 (0.24) poly.3  89.81 
238   0.15 (0.04)   0.15 (0.02)  99.73 ( 0.28)   3.56 ( 8.58)  1.25 (0.28) poly.3  99.84 
239   0.26 (0.05)   0.25 (0.02)  95.98 ( 1.78)  50.32 (29.18)  0.93 (0.22) poly.3  79.78 
240   1.09 (0.10)   1.08 (0.05)  95.76 ( 1.08)  14.79 (15.29)  0.98 (0.17) poly.3 100.00 
241  14.48 (0.35)  14.01 (0.14)  97.03 ( 0.32)  93.69 ( 2.34) -0.32 (0.05) poly.3  82.65 
242   2.30 (0.15)   2.43 (0.07)  99.66 ( 0.09)  98.22 ( 1.82) -0.25 (0.09) poly.3  58.32 
243   6.09 (0.24)   6.01 (0.08)  96.44 ( 0.40)  96.39 ( 0.77) -0.12 (0.04) poly.2  57.52 
244  23.47 (0.42)  23.22 (0.15)  82.36 ( 0.80)  82.19 ( 1.50) -0.10 (0.02) poly.2  57.25 
245  23.06 (0.42)  23.13 (0.18)  99.45 ( 0.07)  99.82 ( 0.10) -1.03 (0.07) sing.3  48.28 
246   2.15 (0.15)   2.17 (0.05)  94.19 ( 0.88)  94.51 ( 2.18)  0.22 (0.07) poly.2  57.11 
247   3.53 (0.18)   3.55 (0.07)  92.58 ( 0.96)  85.36 ( 6.00)  0.27 (0.07) poly.3  64.91 
248   4.57 (0.21)   4.58 (0.08)  98.44 ( 0.24)  97.42 ( 1.31) -0.19 (0.05) poly.2  42.62 
249   2.13 (0.14)   2.29 (0.05)  80.58 ( 1.85)  79.35 ( 3.97)  0.58 (0.05) poly.2  55.36 
250   9.36 (0.29)   9.30 (0.12)  91.94 ( 0.76)  97.90 ( 1.14) -0.26 (0.10) poly.3  53.65 
251   5.47 (0.23)   5.98 (0.10)  98.64 ( 0.20)  99.19 ( 0.34) -0.40 (0.08) poly.3  33.80 
252   8.63 (0.28)   8.29 (0.11)  86.01 ( 1.17)  95.70 ( 2.07) -0.07 (0.10) poly.3  57.64 
253   0.27 (0.05)   0.27 (0.02)  96.59 ( 1.59)  27.97 (27.84)  1.08 (0.24) poly.3  93.79 
254  14.24 (0.35)  14.07 (0.14)  94.99 ( 0.48)  98.00 ( 0.91) -0.42 (0.08) poly.3  52.23 
255   0.25 (0.05)   0.38 (0.03)  99.42 ( 0.31)  62.69 (32.48)  0.58 (0.22) poly.3  88.43 
256  62.53 (0.48)  62.41 (0.18)  98.81 ( 0.10)  99.02 ( 0.23) -1.31 (0.04) poly.2  40.89 
257  13.02 (0.34)  12.92 (0.12)  80.04 ( 1.11)  81.03 ( 2.81)  0.13 (0.04) poly.2  54.28 
258   2.43 (0.15)   2.73 (0.08)  99.84 ( 0.05)  82.62 (13.61) -0.01 (0.14) poly.3  99.93 
259   1.53 (0.12)   1.50 (0.05)  99.34 ( 0.18)  98.08 ( 1.91) -0.08 (0.09) poly.2  43.27 
260   3.86 (0.19)   3.82 (0.08)  90.89 ( 1.10)  98.68 ( 0.97) -0.06 (0.12) poly.3  69.85 
261   0.18 (0.04)   0.12 (0.01)  61.09 ( 8.43)  46.89 (14.87)  1.48 (0.17) poly.2  44.36 
262  25.06 (0.43)  24.74 (0.17)  89.86 ( 0.75)  79.19 ( 4.71) -0.18 (0.05) poly.3  99.31 
263  34.83 (0.48)  34.91 (0.19)  65.61 ( 1.45)  85.19 ( 3.34) -0.17 (0.04) poly.3  99.95 
264   2.87 (0.17)   2.76 (0.07)  97.47 ( 0.45)  93.00 ( 4.37)  0.08 (0.08) poly.3  61.59 
265   1.36 (0.12)   1.32 (0.05)  99.00 ( 0.29)  79.60 (16.75)  0.31 (0.15) poly.3  93.11 
266   0.29 (0.05)   0.36 (0.02)  96.22 ( 1.26)  98.83 ( 0.67)  0.20 (0.20) poly.3  39.78 
267   0.18 (0.04)   0.22 (0.02)  97.95 ( 1.10)  69.54 (26.61)  0.73 (0.20) poly.3  67.58 
268   1.92 (0.14)   1.79 (0.05)  98.84 ( 0.27)  97.17 ( 2.32) -0.02 (0.08) poly.3  42.25 
269  44.51 (0.50)  43.83 (0.20)  86.35 ( 0.85)  75.18 ( 4.57) -0.37 (0.04) poly.3  99.62 
270  10.80 (0.31)  10.78 (0.13)  95.84 ( 0.42)  97.70 ( 0.88) -0.34 (0.07) poly.3  41.40 
271   2.15 (0.15)   2.25 (0.06)  95.16 ( 0.78)  97.64 ( 1.14)  0.04 (0.11) sing.3  38.13 
272   0.65 (0.08)   0.45 (0.03)  98.58 ( 0.58)  82.49 (17.82)  0.46 (0.17) poly.3  66.12 
273   4.77 (0.21)   4.72 (0.08)  96.59 ( 0.44)  97.09 ( 0.99) -0.10 (0.06) poly.2  52.55 
274   4.19 (0.20)   4.00 (0.07)  95.00 ( 0.63)  95.64 ( 1.43)  0.03 (0.06) poly.2  53.35 
275   6.99 (0.25)   6.33 (0.09)  98.10 ( 0.26)  96.81 ( 1.43) -0.23 (0.05) poly.3  47.87 
276   1.75 (0.13)   1.76 (0.05)  99.32 ( 0.17)  99.39 ( 0.40) -0.19 (0.09) poly.2  56.93 
277   1.63 (0.13)   1.48 (0.05)  99.65 ( 0.10)  98.78 ( 1.42) -0.19 (0.09) poly.2  43.11 
278  17.23 (0.38)  17.47 (0.15)  99.56 ( 0.05)  99.64 ( 0.11) -0.86 (0.04) poly.2  49.06 
279   5.98 (0.24)   5.71 (0.09)  83.11 ( 1.30)  84.38 ( 3.26)  0.29 (0.05) poly.2  53.89 
280   3.77 (0.19)   3.46 (0.08)  99.74 ( 0.06)  98.81 ( 1.12) -0.39 (0.08) poly.3  59.65 
281   5.00 (0.22)   4.80 (0.08)  91.56 ( 0.87)  92.47 ( 2.08)  0.12 (0.06) poly.2  53.39 
282  10.38 (0.31)   9.90 (0.12)  99.42 ( 0.08)  99.59 ( 0.15) -0.66 (0.06) poly.2  41.68 
283   5.82 (0.23)   5.80 (0.09)  97.45 ( 0.33)  98.11 ( 0.67) -0.24 (0.07) poly.2  43.18 
284  20.74 (0.41)  21.05 (0.15)  88.28 ( 0.72)  85.84 ( 2.41) -0.17 (0.03) poly.3  49.51 
285   0.12 (0.03)   0.12 (0.01)  58.59 ( 9.04)  29.33 (12.29)  1.64 (0.21) poly.3  63.12 
286   0.39 (0.06)   0.46 (0.03)  87.19 ( 3.21)  39.09 (22.83)  1.08 (0.18) poly.3  86.71 
287  31.72 (0.47)  31.07 (0.17)  94.89 ( 0.34)  95.11 ( 0.85) -0.58 (0.03) poly.2  55.82 
288  18.03 (0.38)  17.67 (0.15)  99.25 ( 0.08)  99.37 ( 0.18) -0.77 (0.04) poly.2  49.15 
289   1.57 (0.12)   1.63 (0.06)  96.99 ( 0.66)  78.55 (13.93)  0.39 (0.13) poly.3  89.18 
290  25.61 (0.44)  25.51 (0.17)  94.89 ( 0.40)  96.57 ( 0.98) -0.55 (0.05) poly.3  39.93 
291   1.10 (0.10)   1.07 (0.04)  92.15 ( 1.44)  89.77 ( 4.63)  0.47 (0.07) poly.2  51.64 
292   5.47 (0.23)   5.50 (0.09)  93.65 ( 0.70)  95.57 ( 1.49) -0.03 (0.07) poly.2  35.18 
293   5.59 (0.23)   5.18 (0.08)  92.90 ( 0.74)  93.18 ( 1.87)  0.07 (0.05) poly.2  57.03 
294   0.04 (0.02)   0.04 (0.01)  83.45 ( 9.38)  76.69 (18.32)  1.25 (0.22) poly.2  53.82 
295   3.75 (0.19)   3.47 (0.07)  83.75 ( 1.76)  66.45 (10.26)  0.55 (0.08) poly.3  85.03 
296   1.50 (0.12)   1.65 (0.05)  93.57 ( 1.06)  94.47 ( 2.32)  0.28 (0.09) poly.2  54.43 
297   2.18 (0.15)   2.27 (0.06)  98.65 ( 0.28)  99.93 ( 0.07) -0.45 (0.15) poly.3  57.27 
298  14.49 (0.35)  14.66 (0.14)  81.94 ( 1.13)  95.31 ( 1.71) -0.24 (0.11) poly.3  60.12 
299   0.09 (0.03)   0.17 (0.02)  98.96 ( 0.78)  13.27 (21.06)  1.17 (0.27) poly.3  98.21 
300  20.29 (0.40)  19.63 (0.16)  93.36 ( 0.54)  96.66 ( 1.22) -0.43 (0.07) poly.3  55.03 
301   0.64 (0.08)   0.73 (0.03)  98.81 ( 0.38)  99.25 ( 0.47)  0.01 (0.13) poly.2  48.06 
302   0.05 (0.02)   0.05 (0.01)  93.05 ( 5.87)   7.80 ( 8.22)  1.69 (0.31) poly.3  94.71 
303   8.60 (0.28)   8.33 (0.10)  93.52 ( 0.59)  93.74 ( 1.51) -0.07 (0.05) poly.2  57.06 
304   0.13 (0.04)   0.09 (0.01)  75.17 ( 8.71)  39.96 (17.35)  1.48 (0.23) poly.3  60.39 
305   0.01 (0.01)   0.04 (0.01)  97.21 ( 3.08)  48.47 (30.10)  1.18 (0.29) poly.3  71.69 
306   7.76 (0.27)   7.31 (0.09)  94.22 ( 0.54)  93.97 ( 1.13) -0.06 (0.03) poly.2  56.46 
307   2.98 (0.17)   2.85 (0.07)  93.19 ( 1.06)  65.20 (13.94)  0.48 (0.11) poly.3  99.01 
308   7.15 (0.26)   6.62 (0.10)  95.26 ( 0.52)  96.68 ( 1.11) -0.14 (0.07) poly.2  35.77 
309   9.93 (0.30)   9.90 (0.11)  93.74 ( 0.56)  94.66 ( 1.33) -0.15 (0.05) poly.2  48.12 
310   5.88 (0.24)   5.77 (0.08)  89.86 ( 0.88)  89.38 ( 1.86)  0.16 (0.04) poly.2  56.02 
311   0.05 (0.02)   0.03 (0.01) 100.00 ( 0.01)  10.39 (21.28)  1.02 (0.31) poly.3  99.67 
312   0.45 (0.07)   0.40 (0.03)  90.86 ( 2.61)  60.95 (21.53)  0.90 (0.17) poly.3  69.15 
313   2.19 (0.15)   2.14 (0.05)  90.81 ( 1.22)  88.94 ( 3.53)  0.37 (0.06) poly.2  51.44 
314   0.05 (0.02)   0.03 (0.01)  68.16 (17.83)   2.74 ( 1.26)  2.28 (0.34) poly.3  96.21 
315  12.34 (0.33)  11.84 (0.12)  96.60 ( 0.32)  96.81 ( 0.79) -0.33 (0.04) poly.2  55.93 
316  11.00 (0.31)  10.71 (0.12)  91.39 ( 0.78)  84.48 ( 4.56)  0.02 (0.05) poly.3  81.28 
317  19.78 (0.40)  19.57 (0.14)  82.86 ( 0.83)  82.51 ( 1.62) -0.04 (0.02) poly.2  56.41 
318  38.80 (0.49)  38.11 (0.19)  90.06 ( 0.68)  97.75 ( 0.78) -0.68 (0.05) poly.3  98.17 
319   0.13 (0.04)   0.16 (0.02)  98.39 ( 1.14)  25.50 (28.66)  1.10 (0.26) poly.3  93.30 
320  26.20 (0.44)  25.76 (0.15)  88.21 ( 0.61)  87.92 ( 1.21) -0.26 (0.02) poly.2  56.18 
321   0.06 (0.02)   0.07 (0.01)  96.37 ( 3.37)   3.56 ( 5.71)  1.65 (0.30) poly.3  98.34 
322   0.00 (0.00)   0.00 (0.00)  88.70 (19.61)   4.32 ( 4.40)  2.27 (0.51) poly.3  89.87 
323   0.03 (0.02)   0.02 (0.01)  99.88 ( 0.29)   2.47 ( 5.92)  1.50 (0.34) poly.3  99.52 
324   0.13 (0.04)   0.18 (0.02)  93.03 ( 2.95)  66.93 (22.55)  0.93 (0.19) poly.3  56.00 
325   4.56 (0.21)   4.47 (0.08)  93.95 ( 0.73)  90.12 ( 3.75)  0.13 (0.06) poly.3  52.82 
326   0.06 (0.02)   0.05 (0.01)  78.97 (11.29)  13.80 ( 8.26)  1.82 (0.30) poly.3  86.06 
327   0.27 (0.05)   0.33 (0.02)  94.77 ( 1.97)  34.89 (27.80)  1.04 (0.22) poly.3  90.96 
328   5.30 (0.22)   5.36 (0.09)  85.34 ( 1.37)  94.20 ( 2.79)  0.10 (0.11) poly.3  50.41 
329   0.71 (0.08)   0.72 (0.04)  97.96 ( 0.65)  77.11 (19.01)  0.49 (0.16) poly.3  78.74 
330   0.10 (0.03)   0.10 (0.01)  97.07 ( 2.17)  27.27 (26.12)  1.22 (0.27) poly.3  88.21 
331   0.01 (0.01)   0.01 (0.00)  99.94 ( 0.15)   2.42 ( 5.62)  1.52 (0.39) poly.3  99.40 
332  34.06 (0.47)  33.95 (0.19)  91.08 ( 0.65)  79.98 ( 4.30) -0.34 (0.05) poly.3  99.94 
333   2.55 (0.16)   2.32 (0.06)  91.47 ( 1.15)  88.47 ( 4.15)  0.35 (0.06) poly.2  46.30 
334   0.52 (0.07)   0.49 (0.03)  93.58 ( 1.70)  94.46 ( 3.50)  0.50 (0.13) poly.2  55.86 
335  43.64 (0.50)  43.30 (0.18)  79.90 ( 0.88)  77.42 ( 2.55) -0.31 (0.03) poly.3  47.16 
336   2.14 (0.14)   2.05 (0.06)  97.49 ( 0.51)  88.95 ( 7.61)  0.20 (0.10) poly.3  74.47 
337   0.07 (0.03)   0.10 (0.01)  98.18 ( 1.38)  61.45 (30.66)  0.88 (0.24) poly.3  69.06 
338   0.54 (0.07)   0.56 (0.03)  99.69 ( 0.16)  42.02 (34.84)  0.63 (0.22) poly.3  98.91 
339   1.05 (0.10)   1.03 (0.04)  97.74 ( 0.62)  74.32 (18.78)  0.47 (0.15) poly.3  88.25 
340   2.15 (0.15)   1.88 (0.05)  98.59 ( 0.30)  98.44 ( 0.75) -0.05 (0.06) poly.2  56.68 
341   0.06 (0.02)   0.03 (0.01)  86.11 (13.52)   2.44 ( 1.57)  2.12 (0.34) poly.3  97.27 
342   1.93 (0.14)   1.96 (0.05)  92.09 ( 1.15)  93.03 ( 2.60)  0.30 (0.08) poly.2  54.77 
343   0.02 (0.01)   0.01 (0.00)  93.90 (11.29)   3.50 ( 2.72)  2.08 (0.40) poly.3  95.77 
344   3.67 (0.19)   3.49 (0.08)  90.65 ( 1.22)  73.80 (10.13)  0.41 (0.09) poly.3  90.28 
345   0.09 (0.03)   0.16 (0.02)  98.86 ( 0.87)  15.85 (23.23)  1.16 (0.27) poly.3  97.34 
346   2.70 (0.16)   2.73 (0.06)  98.67 ( 0.26)  97.16 ( 1.93) -0.09 (0.07) poly.3  44.32 
347   0.00 (0.00)   0.00 (0.00)   0.00 ( 0.00)   0.00 ( 0.00)  0.00 (0.00) raw    100.00 
348   0.20 (0.04)   0.21 (0.02)  97.93 ( 1.17)  45.65 (32.56)  0.92 (0.24) poly.3  84.94 
349   0.23 (0.05)   0.23 (0.02)  92.33 ( 3.19)   9.48 (13.76)  1.40 (0.25) poly.3  97.80 
350   0.33 (0.06)   0.31 (0.02)  98.06 ( 0.83)  97.26 ( 2.79)  0.36 (0.12) poly.2  55.51 
351   0.01 (0.01)   0.01 (0.00)  95.57 ( 8.88)   3.22 ( 2.71)  2.04 (0.40) poly.3  96.34 
352   2.16 (0.15)   2.14 (0.05)  88.68 ( 1.36)  88.63 ( 2.53)  0.41 (0.05) poly.2  57.60 
353   0.00 (0.00)   0.03 (0.01)  74.23 (13.94)  44.78 (19.56)  1.61 (0.27) poly.3  49.47 
354   0.03 (0.02)   0.02 (0.01)  98.19 ( 3.26)   1.99 ( 2.89)  1.82 (0.34) poly.3  98.73 
355   2.99 (0.17)   2.90 (0.06)  96.63 ( 0.52)  95.58 ( 1.85)  0.06 (0.05) poly.2  50.30 
356   0.02 (0.01)   0.01 (0.00)  95.44 ( 8.12)   3.51 ( 3.07)  1.98 (0.37) poly.3  96.51 
357   0.67 (0.08)   0.75 (0.03)  92.45 ( 1.59)  91.50 ( 3.79)  0.51 (0.08) poly.2  56.14 
358   0.00 (0.00)   0.00 (0.00)   0.00 ( 0.00)   0.00 ( 0.00)  0.00 (0.00) raw    100.00 
359   0.00 (0.00)   0.00 (0.00)   0.00 ( 0.00)   0.00 ( 0.00)  0.00 (0.00) raw    100.00 
360   0.24 (0.05)   0.21 (0.02)  89.19 ( 4.35)   1.95 ( 4.02)  1.66 (0.26) poly.3  99.61 
361   0.15 (0.04)   0.14 (0.01)  80.89 ( 6.65)  22.72 (15.76)  1.50 (0.24) poly.3  83.41 
362   4.41 (0.21)   4.41 (0.07)  98.60 ( 0.21)  98.54 ( 0.45) -0.24 (0.04) poly.2  57.22 
363   4.84 (0.21)   4.45 (0.08)  86.09 ( 1.29)  88.83 ( 3.07)  0.26 (0.07) poly.2  42.93 
364   0.00 (0.00)   0.00 (0.00)   0.00 ( 0.00)   0.00 ( 0.00)  0.00 (0.00) raw    100.00 
365   0.46 (0.07)   0.38 (0.03)  91.95 ( 2.50)  45.32 (25.60)  1.00 (0.19) poly.3  84.33 
366   0.06 (0.02)   0.05 (0.01)  99.08 ( 1.35)   1.04 ( 2.48)  1.67 (0.31) poly.3  99.69 
367   0.00 (0.00)   0.00 (0.00)   0.00 ( 0.00)   0.00 ( 0.00)  0.00 (0.00) raw    100.00 
368   0.00 (0.00)   0.00 (0.00)  96.05 ( 8.22)   3.62 ( 3.29)  2.06 (0.45) poly.3  95.08 
369   5.70 (0.23)   5.58 (0.08)  87.38 ( 1.08)  87.58 ( 2.82)  0.22 (0.05) poly.2  57.47 
370   0.02 (0.01)   0.01 (0.00)  74.21 (24.51)   9.75 ( 5.82)  2.19 (0.38) poly.3  84.92 
371   0.25 (0.05)   0.22 (0.02)  87.64 ( 3.99)  56.08 (21.67)  1.07 (0.18) poly.3  62.26 
372   0.33 (0.06)   0.32 (0.02)  81.85 ( 4.39)  51.23 (19.33)  1.12 (0.17) poly.3  65.04 
373   0.00 (0.00)   0.00 (0.00)  99.83 ( 0.25)   2.61 ( 5.28)  1.59 (0.45) poly.3  98.90 
374   0.00 (0.00)   0.00 (0.00)   0.00 ( 0.00)   0.00 ( 0.00)  0.00 (0.00) raw    100.00 
375   0.17 (0.04)   0.16 (0.02)  97.19 ( 1.61)  66.64 (26.96)  0.83 (0.21) poly.3  64.95 
376   0.00 (0.00)   0.00 (0.00)   0.00 ( 0.00)   0.00 ( 0.00)  0.00 (0.00) raw    100.00 
377  15.49 (0.36)  15.30 (0.13)  71.75 ( 1.18)  70.63 ( 2.51)  0.23 (0.03) poly.2  53.01 
378   0.00 (0.00)   0.00 (0.00)   0.00 ( 0.00)   0.00 ( 0.00)  0.00 (0.00) raw    100.00 
379   0.11 (0.03)   0.07 (0.01)  97.38 ( 2.46)   9.09 (13.05)  1.47 (0.30) poly.3  96.35 
380   0.00 (0.00)   0.00 (0.00)   0.00 ( 0.00)   0.00 ( 0.00)  0.00 (0.00) raw    100.00 
381   0.00 (0.00)   0.00 (0.00)  52.85 (50.49)   3.01 ( 4.95)  2.72 (0.57) poly.3  76.69 
382   0.03 (0.02)   0.03 (0.01)  91.02 ( 9.49)   1.54 ( 1.33)  2.04 (0.34) poly.3  98.54 
383   0.00 (0.00)   0.00 (0.00)   0.00 ( 0.00)   0.00 ( 0.00)  0.00 (0.00) raw    100.00 
384   0.54 (0.07)   0.50 (0.03)  82.23 ( 3.32)  77.37 ( 9.03)  0.86 (0.09) poly.2  51.33 
385   0.26 (0.05)   0.27 (0.02)  95.53 ( 1.95)  22.67 (24.69)  1.15 (0.24) poly.3  95.16 
386   0.02 (0.01)   0.01 (0.00)  87.68 (20.04)   4.18 ( 2.97)  2.23 (0.42) poly.3  93.38 
387   0.01 (0.01)   0.01 (0.00)  38.26 (22.05)  20.24 (13.31)  2.24 (0.35) poly.3  50.36 
388   0.02 (0.01)   0.03 (0.01)  93.13 ( 7.16)  13.09 (10.92)  1.69 (0.32) poly.3  89.70 
389   0.08 (0.03)   0.05 (0.01)  75.42 (10.88)  37.73 (16.90)  1.58 (0.25) poly.3  60.22 
390   0.00 (0.00)   0.00 (0.00)   0.00 ( 0.00)   0.00 ( 0.00)  0.00 (0.00) raw    100.00 
391   0.00 (0.00)   0.00 (0.00)   0.00 ( 0.00)   0.00 ( 0.00)  0.00 (0.00) raw    100.00 
392   0.00 (0.00)   0.00 (0.00)   0.00 ( 0.00)   0.00 ( 0.00)  0.00 (0.00) raw    100.00 
393   0.00 (0.00)   0.00 (0.00)   0.00 ( 0.00)   0.00 ( 0.00)  0.00 (0.00) raw    100.00 
394   0.16 (0.04)   0.10 (0.01)  97.71 ( 1.86)  14.62 (19.40)  1.32 (0.28) poly.3  95.04 
395   0.00 (0.00)   0.03 (0.01)  92.14 ( 8.11)  17.85 (13.36)  1.67 (0.32) poly.3  85.35 
396   0.00 (0.00)   0.00 (0.00)   0.00 ( 0.00)   0.00 ( 0.00)  0.00 (0.00) raw    100.00 
397   0.00 (0.00)   0.00 (0.00)   0.00 ( 0.00)   0.00 ( 0.00)  0.00 (0.00) raw    100.00 
398   0.00 (0.00)   0.00 (0.00)   0.00 ( 0.00)   0.00 ( 0.00)  0.00 (0.00) raw    100.00 
399   0.00 (0.00)   0.00 (0.00)   0.00 ( 0.00)   0.00 ( 0.00)  0.00 (0.00) raw    100.00 
400   0.00 (0.00)   0.00 (0.00)  95.45 ( 8.75)   3.80 ( 3.62)  2.10 (0.48) poly.3  94.07 
401   0.00 (0.00)   0.00 (0.00)   0.00 ( 0.00)   0.00 ( 0.00)  0.00 (0.00) raw    100.00 
402   0.00 (0.00)   0.00 (0.00)   0.00 ( 0.00)   0.00 ( 0.00)  0.00 (0.00) raw    100.00 
403   0.00 (0.00)   0.00 (0.00)   0.00 ( 0.00)   0.00 ( 0.00)  0.00 (0.00) raw    100.00 
404   0.02 (0.01)   0.02 (0.01)  59.29 (19.47)  14.21 ( 6.76)  2.13 (0.33) poly.3  77.81 
405   0.00 (0.00)   0.00 (0.00)   0.00 ( 0.00)   0.00 ( 0.00)  0.00 (0.00) raw    100.00 
406   0.00 (0.00)   0.00 (0.00)   0.00 ( 0.00)   0.00 ( 0.00)  0.00 (0.00) raw    100.00 
407   0.00 (0.00)   0.00 (0.00)   0.00 ( 0.00)   0.00 ( 0.00)  0.00 (0.00) raw    100.00 
408   0.00 (0.00)   0.00 (0.00)   0.00 ( 0.00)   0.00 ( 0.00)  0.00 (0.00) raw    100.00 
409   0.00 (0.00)   0.00 (0.00)   0.00 ( 0.00)   0.00 ( 0.00)  0.00 (0.00) raw    100.00 
410   0.00 (0.00)   0.01 (0.00)  97.87 ( 4.60)   3.69 ( 3.93)  1.89 (0.39) poly.3  96.70 
411 100.00 (0.00) 100.00 (0.00) 100.00 ( 0.00) 100.00 ( 0.00)  0.00 (0.00) raw    100.00 
