
Corrected P-values by Akaike Weights Averaging (percent,Frequentist):
    raw           k.1           k.2            k.3            beta0        model  weight 
1    45.79 (0.50)  45.40 (0.20)  77.51 ( 1.16)  29.07 ( 4.95)  0.01 (0.04) poly.3 100.00 
2    63.64 (0.48)  63.01 (0.19)  99.64 ( 0.04)  99.20 ( 0.31) -1.44 (0.04) poly.3  88.19 
3    47.98 (0.50)  48.17 (0.20)  71.37 ( 1.31)  40.56 ( 5.51) -0.06 (0.04) poly.3 100.00 
4    37.16 (0.48)  37.24 (0.18)  96.15 ( 0.27)  96.47 ( 0.65) -0.73 (0.03) poly.2  51.82 
5    82.18 (0.38)  82.31 (0.15)  99.97 ( 0.00)  99.99 ( 0.01) -2.28 (0.06) poly.3  50.32 
6    93.19 (0.25)  93.24 (0.10)  99.99 ( 0.00)  99.99 ( 0.00) -2.64 (0.03) poly.2  56.21 
7    53.37 (0.50)  53.04 (0.20)  73.89 ( 1.25)  40.91 ( 5.50) -0.14 (0.04) poly.3 100.00 
8    92.11 (0.27)  92.18 (0.10)  99.94 ( 0.01)  99.95 ( 0.02) -2.34 (0.04) poly.2  54.88 
9    68.30 (0.47)  67.95 (0.17)  98.99 ( 0.08)  98.93 ( 0.18) -1.39 (0.02) poly.2  54.32 
10   73.53 (0.44)  73.10 (0.17)  97.62 ( 0.24)  93.98 ( 1.79) -1.19 (0.05) poly.3  99.68 
11   50.32 (0.50)  50.05 (0.19)  98.93 ( 0.10)  98.32 ( 0.51) -1.11 (0.03) poly.3  67.26 
12   53.82 (0.50)  53.52 (0.20)  98.78 ( 0.12)  99.52 ( 0.21) -1.28 (0.06) poly.3  51.43 
13   42.32 (0.49)  42.98 (0.20)  99.73 ( 0.03)  99.94 ( 0.04) -1.45 (0.07) sing.3  50.40 
14   69.75 (0.46)  69.79 (0.17)  99.98 ( 0.00)  99.98 ( 0.01) -2.01 (0.02) poly.2  55.02 
15   36.57 (0.48)  36.51 (0.19)  99.16 ( 0.09)  99.94 ( 0.03) -1.26 (0.05) poly.3  93.06 
16   29.07 (0.45)  28.93 (0.19)  94.05 ( 0.47)  97.90 ( 0.87) -0.67 (0.08) sing.3  50.99 
17   11.70 (0.32)  12.10 (0.14)  97.85 ( 0.24)  99.05 ( 0.44) -0.54 (0.08) sing.3  48.77 
18   35.75 (0.48)  36.17 (0.20)  99.45 ( 0.06)  99.89 ( 0.06) -1.27 (0.07) poly.3  51.68 
19   60.67 (0.49)  60.50 (0.19)  98.26 ( 0.16)  96.84 ( 0.97) -1.13 (0.04) poly.3  85.80 
20   39.51 (0.49)  39.06 (0.17)  96.56 ( 0.23)  96.33 ( 0.53) -0.76 (0.02) poly.2  52.98 
21   60.20 (0.49)  60.32 (0.19)  99.79 ( 0.02)  99.61 ( 0.15) -1.52 (0.04) poly.3  71.50 
22   22.40 (0.42)  22.47 (0.15)  99.18 ( 0.08)  98.91 ( 0.33) -0.80 (0.03) poly.2  42.66 
23   32.55 (0.47)  32.64 (0.17)  95.75 ( 0.30)  96.17 ( 0.73) -0.65 (0.04) poly.2  49.79 
24   14.91 (0.36)  14.94 (0.13)  96.94 ( 0.28)  95.82 ( 1.19) -0.39 (0.04) poly.3  47.90 
25   29.67 (0.46)  30.08 (0.16)  99.80 ( 0.02)  99.79 ( 0.04) -1.18 (0.02) poly.2  56.75 
26   42.69 (0.49)  42.38 (0.18)  93.32 ( 0.40)  92.28 ( 1.23) -0.64 (0.03) poly.3  42.52 
27   19.96 (0.40)  19.88 (0.16)  92.16 ( 0.65)  81.11 ( 4.80) -0.15 (0.05) poly.3  99.69 
28   37.35 (0.48)  36.76 (0.17)  99.88 ( 0.01)  99.86 ( 0.04) -1.34 (0.02) poly.2  52.49 
29   45.81 (0.50)  45.94 (0.20)  97.29 ( 0.23)  99.54 ( 0.20) -1.15 (0.08) poly.3  70.01 
30   29.71 (0.46)  28.63 (0.18)  98.39 ( 0.17)  96.05 ( 1.41) -0.69 (0.05) poly.3  95.25 
31   19.47 (0.40)  19.55 (0.16)  99.68 ( 0.04)  99.81 ( 0.07) -1.00 (0.06) poly.3  39.30 
32   61.74 (0.49)  62.21 (0.17)  99.44 ( 0.05)  99.45 ( 0.08) -1.43 (0.02) poly.2  57.60 
33   34.85 (0.48)  34.57 (0.19)  92.98 ( 0.54)  86.15 ( 3.35) -0.44 (0.05) poly.3  98.15 
34   51.07 (0.50)  50.91 (0.20)  99.81 ( 0.02)  99.91 ( 0.04) -1.54 (0.06) sing.3  47.85 
35   48.08 (0.50)  46.94 (0.19)  83.39 ( 0.95)  74.46 ( 4.45) -0.37 (0.04) poly.3  95.21 
36   54.42 (0.50)  53.59 (0.20)  95.70 ( 0.36)  84.07 ( 3.53) -0.72 (0.04) poly.3 100.00 
37   95.23 (0.21)  95.27 (0.08)  99.99 ( 0.00)  99.94 ( 0.05) -2.56 (0.07) poly.3  91.56 
38   17.85 (0.38)  17.45 (0.15)  99.30 ( 0.08)  99.59 ( 0.16) -0.83 (0.06) poly.3  38.19 
39   26.60 (0.44)  26.76 (0.16)  99.75 ( 0.03)  99.73 ( 0.06) -1.09 (0.02) poly.2  56.15 
40   33.65 (0.47)  32.91 (0.19)  87.68 ( 0.82)  75.59 ( 4.79) -0.24 (0.05) poly.3  99.81 
41   42.62 (0.49)  41.58 (0.20)  94.22 ( 0.44)  97.88 ( 0.78) -0.82 (0.06) poly.3  71.53 
42   10.31 (0.30)  11.25 (0.12)  86.32 ( 0.91)  86.97 ( 2.31)  0.05 (0.04) poly.2  55.57 
43   34.35 (0.47)  35.10 (0.18)  98.74 ( 0.11)  98.90 ( 0.25) -0.95 (0.04) poly.2  49.16 
44   31.36 (0.46)  31.09 (0.18)  98.02 ( 0.17)  98.42 ( 0.39) -0.81 (0.04) poly.2  38.69 
45   40.55 (0.49)  40.87 (0.19)  69.36 ( 1.36)  50.97 ( 5.74) -0.02 (0.04) poly.3  99.98 
46   29.76 (0.46)  29.94 (0.18)  98.67 ( 0.12)  98.98 ( 0.27) -0.88 (0.04) poly.2  36.95 
47   42.43 (0.49)  42.09 (0.20)  96.94 ( 0.26)  99.22 ( 0.34) -1.02 (0.07) poly.3  63.07 
48   72.13 (0.45)  71.67 (0.17)  99.96 ( 0.01)  99.97 ( 0.01) -1.98 (0.04) poly.2  44.92 
49   48.10 (0.50)  47.65 (0.18)  99.46 ( 0.05)  99.52 ( 0.11) -1.26 (0.03) poly.2  51.28 
50   30.71 (0.46)  29.73 (0.19)  94.53 ( 0.46)  82.20 ( 4.21) -0.36 (0.05) poly.3 100.00 
51   34.99 (0.48)  35.26 (0.19)  91.32 ( 0.63)  78.70 ( 4.43) -0.35 (0.05) poly.3 100.00 
52   23.93 (0.43)  23.76 (0.18)  98.92 ( 0.12)  94.58 ( 2.01) -0.62 (0.05) poly.3 100.00 
53   17.85 (0.38)  17.90 (0.15)  99.45 ( 0.07)  99.11 ( 0.36) -0.78 (0.04) poly.3  51.02 
54   69.19 (0.46)  69.42 (0.16)  99.46 ( 0.04)  99.45 ( 0.09) -1.53 (0.02) poly.2  57.14 
55   43.74 (0.50)  42.98 (0.20)  96.24 ( 0.31)  98.44 ( 0.63) -0.94 (0.07) sing.3  55.54 
56   14.46 (0.35)  14.58 (0.14)  89.18 ( 0.87)  99.05 ( 0.46) -0.37 (0.05) poly.3  99.72 
57   10.84 (0.31)  10.55 (0.12)  77.52 ( 1.40)  83.77 ( 4.00)  0.17 (0.07) poly.3  40.08 
58   38.81 (0.49)  38.33 (0.17)  99.53 ( 0.04)  99.50 ( 0.10) -1.15 (0.02) poly.2  55.02 
59   37.94 (0.49)  37.69 (0.20)  98.10 ( 0.18)  99.43 ( 0.27) -1.03 (0.06) poly.3  59.71 
60   65.04 (0.48)  64.44 (0.17)  99.15 ( 0.07)  99.06 ( 0.18) -1.37 (0.02) poly.2  50.84 
61   30.57 (0.46)  30.30 (0.16)  97.63 ( 0.17)  97.59 ( 0.33) -0.73 (0.02) poly.2  57.26 
62   22.42 (0.42)  22.20 (0.16)  94.04 ( 0.44)  95.22 ( 1.10) -0.43 (0.05) poly.2  36.94 
63   11.85 (0.32)  11.69 (0.14)  99.06 ( 0.12)  99.78 ( 0.14) -0.75 (0.09) poly.3  52.08 
64   14.51 (0.35)  14.55 (0.15)  95.93 ( 0.40)  98.99 ( 0.55) -0.55 (0.09) poly.3  49.84 
65    5.52 (0.23)   5.12 (0.08)  82.35 ( 1.37)  79.60 ( 3.82)  0.38 (0.04) poly.2  46.85 
66   17.16 (0.38)  17.17 (0.14)  91.40 ( 0.60)  89.59 ( 1.99) -0.19 (0.03) poly.3  44.74 
67   36.50 (0.48)  36.04 (0.17)  97.76 ( 0.16)  97.69 ( 0.33) -0.82 (0.02) poly.2  56.14 
68   65.62 (0.47)  65.28 (0.19)  99.56 ( 0.05)  99.82 ( 0.08) -1.61 (0.06) poly.3  49.89 
69   34.12 (0.47)  32.86 (0.19)  95.54 ( 0.38)  89.15 ( 2.92) -0.51 (0.05) poly.3  99.66 
70   10.61 (0.31)  10.46 (0.12)  92.83 ( 0.68)  87.05 ( 4.03) -0.03 (0.05) poly.3  77.67 
71   22.71 (0.42)  23.26 (0.17)  93.75 ( 0.52)  99.61 ( 0.19) -0.68 (0.05) poly.3  99.75 
72   21.77 (0.41)  22.02 (0.17)  96.06 ( 0.36)  98.88 ( 0.53) -0.67 (0.07) poly.3  58.53 
73   22.16 (0.42)  22.10 (0.17)  94.19 ( 0.47)  98.98 ( 0.47) -0.67 (0.09) poly.3  65.50 
74   36.75 (0.48)  37.10 (0.18)  99.93 ( 0.01)  99.94 ( 0.02) -1.45 (0.04) poly.2  53.29 
75   11.16 (0.31)  11.71 (0.13)  89.74 ( 0.88)  99.87 ( 0.08) -0.48 (0.06) poly.3 100.00 
76   16.09 (0.37)  15.98 (0.16)  99.90 ( 0.02)  99.98 ( 0.01) -1.21 (0.08) poly.3  50.69 
77    3.17 (0.18)   3.13 (0.07)  96.52 ( 0.55)  92.51 ( 3.98)  0.10 (0.07) poly.3  56.30 
78   21.56 (0.41)  21.92 (0.17)  93.99 ( 0.50)  98.10 ( 0.82) -0.56 (0.07) poly.3  65.78 
79   14.31 (0.35)  14.43 (0.15)  99.30 ( 0.09)  99.81 ( 0.11) -0.84 (0.08) poly.3  53.43 
80   11.02 (0.31)  11.09 (0.14)  99.11 ( 0.13)  95.09 ( 2.46) -0.40 (0.07) poly.3  99.17 
81    4.83 (0.21)   4.98 (0.09)  99.62 ( 0.07)  99.73 ( 0.12) -0.56 (0.07) poly.2  46.98 
82   33.67 (0.47)  33.41 (0.19)  97.77 ( 0.22)  94.27 ( 1.83) -0.68 (0.05) poly.3  98.89 
83   11.54 (0.32)  11.05 (0.12)  97.81 ( 0.23)  97.98 ( 0.56) -0.41 (0.04) poly.2  55.47 
84   43.50 (0.50)  42.97 (0.20)  99.14 ( 0.09)  97.74 ( 0.82) -1.01 (0.05) poly.3  97.53 
85   43.18 (0.50)  42.95 (0.18)  86.94 ( 0.68)  88.50 ( 1.81) -0.50 (0.04) poly.2  41.04 
86   19.17 (0.39)  19.26 (0.14)  79.59 ( 0.91)  79.37 ( 1.72)  0.02 (0.02) poly.2  57.21 
87    6.93 (0.25)   6.94 (0.11)  96.00 ( 0.50)  88.32 ( 5.00)  0.00 (0.07) poly.3  90.64 
88   53.41 (0.50)  53.18 (0.20)  98.86 ( 0.12)  96.96 ( 1.02) -1.08 (0.04) poly.3  99.15 
89    6.17 (0.24)   6.44 (0.11)  99.04 ( 0.16)  95.39 ( 2.81) -0.26 (0.08) poly.3  90.52 
90   32.90 (0.47)  32.86 (0.19)  93.56 ( 0.48)  98.18 ( 0.72) -0.74 (0.08) poly.3  62.92 
91   56.99 (0.50)  57.30 (0.20)  99.61 ( 0.04)  99.81 ( 0.08) -1.50 (0.06) poly.3  46.47 
92    8.86 (0.28)   9.27 (0.12)  99.87 ( 0.02)  99.93 ( 0.03) -0.93 (0.07) sing.3  36.75 
93   27.64 (0.45)  27.77 (0.16)  87.51 ( 0.62)  87.21 ( 1.24) -0.28 (0.02) poly.2  56.09 
94   35.87 (0.48)  35.55 (0.20)  99.65 ( 0.04)  99.88 ( 0.06) -1.27 (0.06) poly.3  54.47 
95   19.30 (0.39)  18.77 (0.15)  99.39 ( 0.07)  99.48 ( 0.15) -0.83 (0.04) poly.2  49.99 
96   45.23 (0.50)  44.83 (0.20)  96.26 ( 0.31)  98.13 ( 0.66) -0.92 (0.06) poly.3  58.86 
97   20.36 (0.40)  20.34 (0.17)  99.74 ( 0.03)  99.87 ( 0.06) -1.06 (0.06) sing.3  40.27 
98   16.77 (0.37)  16.93 (0.15)  88.75 ( 0.89)  54.61 ( 7.48)  0.15 (0.06) poly.3 100.00 
99   17.60 (0.38)  17.30 (0.14)  99.58 ( 0.05)  99.52 ( 0.14) -0.84 (0.03) poly.2  52.70 
100  54.19 (0.50)  53.79 (0.20)  98.53 ( 0.15)  96.05 ( 1.25) -1.03 (0.04) poly.3  99.57 
101   7.90 (0.27)   7.72 (0.10)  98.29 ( 0.21)  97.89 ( 0.70) -0.33 (0.04) poly.2  50.16 
102   7.38 (0.26)   7.04 (0.10)  95.14 ( 0.53)  92.46 ( 2.61) -0.05 (0.05) poly.3  53.09 
103  11.75 (0.32)  11.63 (0.13)  91.43 ( 0.76)  96.46 ( 1.53) -0.23 (0.08) poly.3  61.39 
104  29.75 (0.46)  29.93 (0.16)  95.09 ( 0.31)  94.84 ( 0.69) -0.56 (0.02) poly.2  54.39 
105  16.43 (0.37)  16.46 (0.14)  99.95 ( 0.01)  99.95 ( 0.02) -1.15 (0.03) poly.2  56.03 
106  51.12 (0.50)  51.19 (0.20)  99.00 ( 0.10)  99.88 ( 0.06) -1.43 (0.08) poly.3  68.85 
107  13.88 (0.35)  13.16 (0.13)  92.68 ( 0.58)  93.95 ( 1.41) -0.20 (0.05) poly.2  42.13 
108  61.49 (0.49)  60.82 (0.18)  97.52 ( 0.18)  97.77 ( 0.43) -1.13 (0.03) poly.2  49.59 
109   1.39 (0.12)   1.32 (0.04)  83.11 ( 2.19)  79.50 ( 6.08)  0.66 (0.07) poly.2  50.13 
110  14.50 (0.35)  14.40 (0.15)  97.99 ( 0.22)  99.86 ( 0.09) -0.79 (0.08) poly.3  77.41 
111  33.47 (0.47)  32.90 (0.16)  93.41 ( 0.38)  93.25 ( 0.75) -0.53 (0.02) poly.2  56.52 
112  53.23 (0.50)  53.15 (0.20)  98.53 ( 0.14)  99.66 ( 0.16) -1.32 (0.08) poly.3  55.05 
113  25.45 (0.44)  25.49 (0.18)  99.10 ( 0.10)  99.77 ( 0.13) -1.00 (0.07) poly.3  59.10 
114  34.87 (0.48)  35.08 (0.19)  88.29 ( 0.78)  71.72 ( 5.13) -0.25 (0.05) poly.3 100.00 
115  44.68 (0.50)  44.07 (0.19)  90.24 ( 0.60)  92.77 ( 1.62) -0.63 (0.05) poly.3  45.56 
116  33.20 (0.47)  32.54 (0.16)  96.61 ( 0.22)  96.57 ( 0.43) -0.69 (0.02) poly.2  57.30 
117  16.30 (0.37)  15.82 (0.15)  97.88 ( 0.23)  99.35 ( 0.35) -0.67 (0.08) poly.3  50.69 
118  22.37 (0.42)  22.05 (0.15)  83.68 ( 0.81)  82.60 ( 1.91) -0.10 (0.03) poly.2  50.54 
119  15.52 (0.36)  15.73 (0.15)  94.86 ( 0.50)  83.41 ( 4.88) -0.15 (0.06) poly.3  99.93 
120  17.43 (0.38)  17.49 (0.15)  87.15 ( 0.96)  73.13 ( 5.94)  0.03 (0.05) poly.3  99.45 
121  13.84 (0.35)  14.05 (0.14)  98.72 ( 0.15)  99.37 ( 0.27) -0.67 (0.07) sing.3  43.24 
122  38.38 (0.49)  38.28 (0.19)  98.33 ( 0.15)  97.39 ( 0.77) -0.87 (0.04) poly.3  67.73 
123   0.21 (0.05)   0.26 (0.02)  96.83 ( 1.37)  80.64 (18.22)  0.66 (0.17) poly.3  52.64 
124  40.09 (0.49)  39.93 (0.18)  94.82 ( 0.33)  94.89 ( 0.84) -0.69 (0.03) poly.2  57.41 
125  16.98 (0.38)  16.74 (0.14)  87.86 ( 0.81)  90.35 ( 2.11) -0.15 (0.05) poly.3  34.89 
126  43.89 (0.50)  43.61 (0.18)  98.07 ( 0.16)  97.35 ( 0.68) -0.92 (0.03) poly.3  56.69 
127   1.79 (0.13)   1.99 (0.05)  65.35 ( 2.86)  87.84 ( 6.17)  0.51 (0.18) sing.3  54.05 
128   8.65 (0.28)   8.73 (0.11)  96.58 ( 0.37)  94.72 ( 1.86) -0.19 (0.05) poly.3  52.06 
129  18.76 (0.39)  18.10 (0.13)  91.65 ( 0.53)  91.14 ( 1.21) -0.23 (0.03) poly.2  53.57 
130   1.26 (0.11)   1.33 (0.04)  99.19 ( 0.22)  98.65 ( 1.15) -0.06 (0.08) poly.2  51.80 
131  62.66 (0.48)  62.56 (0.18)  99.51 ( 0.05)  99.64 ( 0.10) -1.49 (0.04) poly.3  35.68 
132  31.00 (0.46)  31.38 (0.18)  80.24 ( 1.12)  67.83 ( 5.39) -0.09 (0.05) poly.3  98.45 
133   0.08 (0.03)   0.11 (0.01)  94.43 ( 2.60)  99.16 ( 0.54)  0.30 (0.26) poly.3  63.05 
134  40.78 (0.49)  40.85 (0.17)  95.46 ( 0.27)  95.31 ( 0.56) -0.73 (0.02) poly.2  55.85 
135  15.12 (0.36)  15.37 (0.15)  96.19 ( 0.37)  98.04 ( 0.77) -0.48 (0.07) poly.3  44.39 
136   8.91 (0.28)   8.96 (0.11)  99.09 ( 0.12)  99.18 ( 0.28) -0.52 (0.05) poly.2  55.38 
137  15.40 (0.36)  15.48 (0.15)  96.85 ( 0.32)  99.72 ( 0.17) -0.70 (0.08) poly.3  82.03 
138   2.14 (0.14)   2.15 (0.06)  97.00 ( 0.53)  97.82 ( 0.97)  0.02 (0.09) poly.2  47.48 
139  56.62 (0.50)  56.67 (0.19)  95.34 ( 0.38)  89.45 ( 2.63) -0.82 (0.04) poly.3  99.76 
140  16.82 (0.37)  16.72 (0.15)  98.10 ( 0.21)  99.84 ( 0.10) -0.82 (0.07) poly.3  81.33 
141  52.28 (0.50)  51.25 (0.20)  98.06 ( 0.17)  98.79 ( 0.38) -1.11 (0.05) poly.3  46.62 
142  16.80 (0.37)  16.33 (0.15)  92.11 ( 0.66)  97.21 ( 1.21) -0.37 (0.07) poly.3  64.52 
143  16.12 (0.37)  15.75 (0.13)  87.00 ( 0.73)  86.98 ( 1.34) -0.06 (0.02) poly.2  57.61 
144  29.96 (0.46)  29.87 (0.17)  88.40 ( 0.72)  84.18 ( 3.03) -0.29 (0.04) poly.3  71.19 
145  16.60 (0.37)  16.61 (0.16)  99.22 ( 0.10)  99.98 ( 0.02) -1.03 (0.07) poly.3  89.03 
146   1.12 (0.11)   1.15 (0.04)  99.50 ( 0.15)  99.67 ( 0.21) -0.22 (0.12) poly.2  49.67 
147  13.74 (0.34)  13.30 (0.14)  93.09 ( 0.66)  70.07 ( 7.23)  0.05 (0.06) poly.3 100.00 
148  19.47 (0.40)  19.22 (0.16)  97.83 ( 0.22)  96.04 ( 1.39) -0.52 (0.04) poly.3  73.70 
149  75.98 (0.43)  76.52 (0.15)  99.37 ( 0.06)  99.27 ( 0.16) -1.60 (0.03) poly.2  49.07 
150  14.69 (0.35)  14.65 (0.13)  96.83 ( 0.29)  97.40 ( 0.68) -0.43 (0.05) poly.2  44.31 
151  61.89 (0.49)  62.30 (0.19)  98.99 ( 0.11)  96.20 ( 1.22) -1.18 (0.05) poly.3 100.00 
152  21.55 (0.41)  21.43 (0.17)  99.17 ( 0.10)  99.82 ( 0.11) -0.98 (0.08) sing.3  50.99 
153  34.17 (0.47)  34.17 (0.19)  71.95 ( 1.34)  56.29 ( 5.82)  0.02 (0.04) poly.3  99.59 
154   0.11 (0.03)   0.16 (0.02)  98.63 ( 0.90)  68.29 (29.01)  0.73 (0.22) poly.3  68.84 
155  10.05 (0.30)  10.52 (0.11)  95.55 ( 0.41)  95.79 ( 1.03) -0.23 (0.04) poly.2  56.18 
156   9.94 (0.30)   9.96 (0.11)  97.79 ( 0.23)  97.75 ( 0.45) -0.36 (0.03) poly.2  57.45 
157  63.20 (0.48)  63.66 (0.19)  97.30 ( 0.24)  98.85 ( 0.46) -1.26 (0.07) poly.3  50.14 
158   1.96 (0.14)   2.05 (0.06)  99.68 ( 0.09)  93.76 ( 6.33) -0.07 (0.13) poly.3  87.85 
159   5.28 (0.22)   5.20 (0.09)  94.55 ( 0.66)  97.70 ( 1.13) -0.13 (0.10) poly.3  43.68 
160  34.05 (0.47)  34.09 (0.16)  95.92 ( 0.26)  95.92 ( 0.47) -0.67 (0.02) poly.2  57.61 
161  27.15 (0.44)  27.05 (0.19)  99.07 ( 0.10)  99.88 ( 0.07) -1.11 (0.08) poly.3  52.50 
162  18.80 (0.39)  18.70 (0.15)  78.20 ( 1.26)  68.20 ( 5.57)  0.13 (0.05) poly.3  87.34 
163   2.70 (0.16)   2.93 (0.06)  99.81 ( 0.05)  99.77 ( 0.14) -0.49 (0.05) poly.2  56.24 
164   2.95 (0.17)   2.92 (0.07)  97.86 ( 0.38)  99.53 ( 0.32) -0.27 (0.12) poly.3  58.25 
165  46.53 (0.50)  46.72 (0.17)  97.02 ( 0.19)  97.02 ( 0.34) -0.90 (0.02) poly.2  57.61 
166  18.88 (0.39)  18.83 (0.16)  90.28 ( 0.78)  74.64 ( 5.75) -0.05 (0.05) poly.3  99.98 
167  38.21 (0.49)  38.26 (0.19)  87.29 ( 0.80)  80.13 ( 3.91) -0.35 (0.04) poly.3  91.83 
168   1.47 (0.12)   1.34 (0.04)  94.96 ( 0.98)  90.07 ( 5.87)  0.35 (0.08) poly.3  44.42 
169   4.02 (0.20)   4.27 (0.09)  98.35 ( 0.28)  92.97 ( 4.36) -0.06 (0.08) poly.3  83.82 
170   2.50 (0.16)   2.62 (0.08)  99.66 ( 0.09)  90.13 ( 8.49) -0.03 (0.13) poly.3  97.96 
171   3.20 (0.18)   3.15 (0.07)  96.75 ( 0.49)  97.17 ( 1.12) -0.01 (0.07) poly.2  54.69 
172   6.89 (0.25)   6.67 (0.10)  98.01 ( 0.28)  94.98 ( 2.53) -0.19 (0.06) poly.3  72.49 
173  34.22 (0.47)  33.05 (0.17)  88.75 ( 0.62)  87.01 ( 1.90) -0.37 (0.03) poly.3  45.04 
174  28.17 (0.45)  28.06 (0.18)  92.76 ( 0.57)  83.81 ( 3.95) -0.32 (0.05) poly.3  99.60 
175   8.81 (0.28)   8.58 (0.11)  80.05 ( 1.46)  69.38 ( 6.62)  0.34 (0.06) poly.3  79.79 
176   0.61 (0.08)   0.60 (0.03)  93.19 ( 1.67)  88.73 ( 7.16)  0.56 (0.10) poly.2  48.58 
177  19.03 (0.39)  18.91 (0.16)  93.45 ( 0.56)  99.03 ( 0.45) -0.55 (0.06) poly.3  91.20 
178  15.55 (0.36)  15.43 (0.13)  95.66 ( 0.36)  95.88 ( 0.89) -0.35 (0.04) poly.2  56.00 
179  35.94 (0.48)  35.50 (0.18)  99.24 ( 0.07)  99.28 ( 0.17) -1.03 (0.03) poly.2  56.28 
180   9.41 (0.29)   9.16 (0.12)  97.45 ( 0.31)  99.08 ( 0.48) -0.45 (0.08) poly.3  51.87 
181   2.56 (0.16)   2.31 (0.06)  99.38 ( 0.14)  99.27 ( 0.40) -0.24 (0.06) poly.2  56.13 
182  21.77 (0.41)  21.49 (0.15)  92.01 ( 0.53)  92.57 ( 1.32) -0.32 (0.04) poly.2  53.17 
183   0.98 (0.10)   1.00 (0.04)  98.06 ( 0.50)  98.77 ( 0.67)  0.05 (0.12) poly.2  45.87 
184   0.84 (0.09)   1.16 (0.05)  98.36 ( 0.44)  89.93 ( 8.94)  0.24 (0.12) poly.3  66.32 
185  12.54 (0.33)  12.18 (0.12)  70.32 ( 1.57)  61.72 ( 5.70)  0.37 (0.05) poly.3  72.08 
186  14.73 (0.35)  15.13 (0.13)  95.48 ( 0.38)  96.06 ( 0.91) -0.35 (0.04) poly.2  49.10 
187  20.40 (0.40)  20.82 (0.15)  83.19 ( 0.93)  79.77 ( 3.10) -0.04 (0.03) poly.3  53.51 
188   2.21 (0.15)   2.09 (0.07)  99.56 ( 0.12)  92.29 ( 7.27) -0.01 (0.13) poly.3  89.90 
189  43.83 (0.50)  43.80 (0.19)  86.73 ( 0.82)  78.77 ( 4.07) -0.40 (0.04) poly.3  95.06 
190  14.92 (0.36)  14.93 (0.14)  97.99 ( 0.20)  98.45 ( 0.45) -0.54 (0.05) poly.2  40.81 
191  60.94 (0.49)  60.94 (0.19)  99.10 ( 0.09)  99.42 ( 0.18) -1.38 (0.05) poly.3  40.86 
192   3.91 (0.19)   4.27 (0.08)  96.20 ( 0.50)  96.85 ( 1.09) -0.06 (0.07) poly.2  50.89 
193   1.47 (0.12)   1.57 (0.05)  97.52 ( 0.52)  96.58 ( 1.95)  0.12 (0.07) poly.2  52.22 
194   9.16 (0.29)   9.16 (0.11)  96.71 ( 0.37)  93.61 ( 2.52) -0.18 (0.05) poly.3  69.46 
195   6.58 (0.25)   6.29 (0.09)  84.43 ( 1.13)  83.48 ( 2.50)  0.27 (0.03) poly.2  54.29 
196   4.44 (0.21)   4.19 (0.09)  94.79 ( 0.74)  80.09 ( 8.81)  0.24 (0.09) poly.3  95.40 
197   4.91 (0.22)   4.52 (0.09)  98.58 ( 0.25)  81.18 ( 9.63)  0.08 (0.10) poly.3  99.95 
198   8.06 (0.27)   8.42 (0.12)  97.46 ( 0.33)  88.16 ( 5.09) -0.10 (0.07) poly.3  99.39 
199   4.41 (0.21)   4.29 (0.08)  83.88 ( 1.57)  94.58 ( 2.86)  0.16 (0.11) poly.3  62.74 
200  15.37 (0.36)  15.03 (0.13)  98.54 ( 0.14)  98.41 ( 0.35) -0.57 (0.03) poly.2  54.36 
201   0.76 (0.09)   0.69 (0.03)  98.68 ( 0.43)  98.98 ( 0.74)  0.08 (0.13) poly.2  54.41 
202   0.74 (0.09)   0.84 (0.04)  99.31 ( 0.28)   7.91 (12.31)  0.93 (0.21) poly.3 100.00 
203   7.95 (0.27)   7.93 (0.10)  90.60 ( 0.83)  92.82 ( 1.97)  0.00 (0.06) poly.2  36.87 
204   0.78 (0.09)   0.74 (0.04)  97.34 ( 0.81)  68.94 (22.41)  0.59 (0.17) poly.3  85.53 
205   5.35 (0.23)   5.50 (0.09)  98.44 ( 0.22)  98.81 ( 0.45) -0.32 (0.07) poly.2  47.02 
206   4.26 (0.20)   4.29 (0.07)  93.94 ( 0.69)  93.23 ( 1.75)  0.10 (0.04) poly.2  53.91 
207  41.47 (0.49)  41.28 (0.18)  97.53 ( 0.18)  97.58 ( 0.45) -0.88 (0.03) poly.2  57.21 
208   3.86 (0.19)   4.00 (0.08)  96.09 ( 0.52)  96.98 ( 1.09) -0.05 (0.07) poly.2  47.02 
209  12.66 (0.33)  12.66 (0.13)  97.12 ( 0.30)  98.23 ( 0.63) -0.45 (0.06) poly.3  39.12 
210   0.27 (0.05)   0.32 (0.02)  80.88 ( 4.14)  74.65 (11.09)  0.97 (0.11) poly.2  50.92 
211   3.07 (0.17)   3.04 (0.06)  92.51 ( 0.94)  93.10 ( 2.27)  0.20 (0.07) poly.2  56.06 
212  39.34 (0.49)  39.73 (0.18)  93.26 ( 0.41)  93.53 ( 1.02) -0.62 (0.03) poly.2  55.77 
213  11.06 (0.31)  11.06 (0.13)  88.11 ( 1.03)  60.78 ( 8.25)  0.25 (0.06) poly.3 100.00 
214   7.33 (0.26)   7.36 (0.10)  90.15 ( 0.96)  81.81 ( 5.63)  0.17 (0.06) poly.3  78.95 
215   4.07 (0.20)   3.93 (0.08)  96.48 ( 0.51)  99.45 ( 0.43) -0.29 (0.13) poly.3  49.64 
216   2.45 (0.15)   2.34 (0.06)  96.72 ( 0.55)  95.50 ( 2.11)  0.10 (0.06) poly.2  49.90 
217   3.62 (0.19)   3.57 (0.06)  86.76 ( 1.24)  86.20 ( 2.56)  0.35 (0.04) poly.2  56.45 
218  71.78 (0.45)  71.98 (0.17)  98.26 ( 0.15)  98.63 ( 0.34) -1.38 (0.04) poly.2  36.18 
219   4.80 (0.21)   4.63 (0.08)  82.00 ( 1.69)  97.90 ( 1.25)  0.08 (0.08) poly.3  94.61 
220   1.53 (0.12)   1.61 (0.05)  14.00 ( 1.63)  14.98 ( 4.42)  1.60 (0.07) poly.2  55.99 
221  21.16 (0.41)  21.07 (0.16)  99.01 ( 0.10)  99.33 ( 0.22) -0.81 (0.05) sing.3  35.84 
222  30.90 (0.46)  30.35 (0.18)  96.27 ( 0.31)  93.85 ( 1.71) -0.58 (0.04) poly.3  78.16 
223  12.47 (0.33)  12.47 (0.13)  96.34 ( 0.34)  96.95 ( 0.79) -0.35 (0.05) poly.2  46.20 
224   9.91 (0.30)  10.08 (0.13)  99.60 ( 0.06)  99.88 ( 0.07) -0.84 (0.09) sing.3  50.45 
225   4.05 (0.20)   4.14 (0.08)  97.89 ( 0.33)  99.40 ( 0.37) -0.33 (0.11) poly.3  48.41 
226  18.87 (0.39)  18.76 (0.16)  95.78 ( 0.40)  99.94 ( 0.03) -0.80 (0.05) poly.3 100.00 
227   6.01 (0.24)   5.91 (0.10)  95.23 ( 0.63)  79.01 ( 8.23)  0.16 (0.08) poly.3  99.42 
228  40.10 (0.49)  40.14 (0.19)  69.30 ( 1.30)  60.44 ( 4.92) -0.07 (0.04) poly.3  85.63 
229   4.12 (0.20)   3.93 (0.09)  99.57 ( 0.09)  95.16 ( 3.89) -0.20 (0.10) poly.3  93.81 
230   6.64 (0.25)   6.84 (0.10)  92.94 ( 0.76)  99.28 ( 0.47) -0.31 (0.10) poly.3  75.19 
231  16.17 (0.37)  15.72 (0.15)  95.95 ( 0.39)  98.39 ( 0.73) -0.50 (0.08) poly.3  50.45 
232   0.15 (0.04)   0.16 (0.02)  99.49 ( 0.43)  32.07 (34.87)  0.94 (0.27) poly.3  94.41 
233   0.63 (0.08)   0.70 (0.04)  99.96 ( 0.02)  99.28 ( 1.46) -0.31 (0.13) poly.3  44.69 
234   3.00 (0.17)   3.04 (0.08)  98.40 ( 0.32)  83.35 (10.26)  0.16 (0.11) poly.3  98.28 
235  29.09 (0.45)  29.48 (0.18)  98.08 ( 0.18)  98.94 ( 0.38) -0.85 (0.06) poly.3  45.67 
236   5.68 (0.23)   5.64 (0.09)  93.91 ( 0.65)  94.08 ( 1.70)  0.01 (0.05) poly.2  57.22 
237  32.31 (0.47)  32.23 (0.17)  95.59 ( 0.30)  95.75 ( 0.75) -0.63 (0.03) poly.2  56.39 
238   2.00 (0.14)   2.17 (0.07)  99.97 ( 0.01)  99.33 ( 1.01) -0.52 (0.11) poly.3  65.90 
239  14.41 (0.35)  14.40 (0.13)  95.18 ( 0.39)  94.40 ( 1.17) -0.28 (0.03) poly.2  47.74 
240   0.92 (0.10)   0.96 (0.04)  97.51 ( 0.67)  88.22 ( 9.87)  0.34 (0.12) poly.3  60.80 
241   0.96 (0.10)   0.87 (0.04)  98.53 ( 0.46)  83.54 (14.97)  0.36 (0.15) poly.3  76.15 
242  58.89 (0.49)  58.70 (0.19)  96.65 ( 0.26)  97.53 ( 0.62) -1.07 (0.05) poly.3  39.37 
243   2.17 (0.15)   2.20 (0.05)  92.22 ( 1.07)  90.49 ( 3.24)  0.32 (0.06) poly.2  51.27 
244  57.31 (0.49)  57.70 (0.18)  98.05 ( 0.15)  98.08 ( 0.37) -1.13 (0.03) poly.2  57.43 
245  12.59 (0.33)  13.09 (0.14)  98.31 ( 0.20)  99.75 ( 0.17) -0.74 (0.09) poly.3  50.20 
246   5.10 (0.22)   5.03 (0.09)  98.93 ( 0.17)  99.95 ( 0.05) -0.66 (0.12) poly.3  60.22 
247  22.22 (0.42)  22.17 (0.17)  99.15 ( 0.10)  99.97 ( 0.02) -1.07 (0.05) poly.3  99.17 
248   0.67 (0.08)   0.81 (0.04)  99.23 ( 0.28)  85.55 (15.02)  0.28 (0.16) poly.3  77.50 
249  22.66 (0.42)  22.50 (0.18)  99.67 ( 0.04)  99.95 ( 0.03) -1.18 (0.07) poly.3  56.36 
250   0.12 (0.03)   0.13 (0.01)  75.08 ( 8.23)   6.01 ( 5.84)  1.80 (0.27) poly.3  95.45 
251   9.85 (0.30)  10.03 (0.11)  91.01 ( 0.70)  89.40 ( 2.15) -0.01 (0.04) poly.2  45.73 
252   3.06 (0.17)   3.19 (0.07)  94.82 ( 0.76) 100.00 ( 0.00) -0.54 (0.08) poly.3 100.00 
253   0.26 (0.05)   0.25 (0.02)  70.78 ( 5.55)  64.17 (12.26)  1.17 (0.12) poly.2  51.48 
254   3.10 (0.17)   2.85 (0.06)  83.54 ( 1.64)  79.41 ( 5.17)  0.50 (0.06) poly.2  44.56 
255  18.91 (0.39)  18.62 (0.15)  86.32 ( 0.83)  88.21 ( 2.16) -0.13 (0.04) poly.2  41.47 
256   6.15 (0.24)   6.00 (0.10)  84.62 ( 1.34)  96.98 ( 1.64) -0.05 (0.12) poly.3  59.82 
257   1.66 (0.13)   1.62 (0.05)  86.94 ( 1.75)  89.39 ( 3.80)  0.46 (0.09) poly.2  49.66 
258   0.01 (0.01)   0.01 (0.00)  99.89 ( 0.23)   2.72 ( 5.71)  1.57 (0.41) poly.3  99.06 
259  17.26 (0.38)  17.49 (0.14)  99.30 ( 0.08)  99.42 ( 0.17) -0.78 (0.04) poly.2  49.33 
260   0.16 (0.04)   0.20 (0.02)  91.28 ( 3.08)  86.42 (10.17)  0.81 (0.13) poly.2  52.23 
261   1.97 (0.14)   2.02 (0.06)  99.03 ( 0.22)  99.25 ( 0.40) -0.18 (0.09) poly.2  52.89 
262  31.84 (0.47)  31.73 (0.19)  99.47 ( 0.06)  99.97 ( 0.02) -1.32 (0.06) poly.3  83.66 
263  21.66 (0.41)  21.32 (0.15)  80.18 ( 1.01)  82.57 ( 2.75) -0.06 (0.04) poly.2  41.03 
264   1.39 (0.12)   1.35 (0.05)  99.25 ( 0.22)  89.46 (10.13)  0.15 (0.14) poly.3  81.82 
265  14.11 (0.35)  14.08 (0.12)  85.72 ( 0.83)  84.91 ( 1.86)  0.01 (0.03) poly.2  53.16 
266  15.36 (0.36)  15.18 (0.13)  96.75 ( 0.27)  96.62 ( 0.57) -0.40 (0.03) poly.2  56.29 
267   0.32 (0.06)   0.36 (0.03)  97.36 ( 1.12)  45.78 (31.15)  0.87 (0.22) poly.3  89.87 
268   2.77 (0.16)   2.65 (0.06)  97.05 ( 0.50)  94.52 ( 3.02)  0.08 (0.07) poly.3  45.22 
269   0.79 (0.09)   0.80 (0.03)  96.09 ( 0.95)  95.78 ( 2.11)  0.33 (0.08) poly.2  57.12 
270  14.18 (0.35)  13.82 (0.13)  95.98 ( 0.36)  96.62 ( 0.84) -0.36 (0.05) poly.2  46.49 
271   0.89 (0.09)   0.79 (0.04)  97.39 ( 0.75)  86.31 (11.67)  0.40 (0.13) poly.3  61.67 
272   7.51 (0.26)   7.53 (0.10)  97.34 ( 0.31)  97.73 ( 0.69) -0.27 (0.05) poly.2  51.31 
273   0.17 (0.04)   0.17 (0.02)  99.98 ( 0.02)  17.97 (29.24)  0.80 (0.27) poly.3  99.67 
274   0.77 (0.09)   0.78 (0.04)  99.22 ( 0.29)  69.75 (25.20)  0.46 (0.18) poly.3  93.40 
275  18.25 (0.39)  18.15 (0.14)  98.23 ( 0.17)  98.39 ( 0.40) -0.61 (0.04) poly.2  53.67 
276   0.95 (0.10)   1.00 (0.04)  98.99 ( 0.32)  85.24 (13.97)  0.28 (0.15) poly.3  80.46 
277   9.05 (0.29)   9.14 (0.10)  98.30 ( 0.19)  98.25 ( 0.39) -0.39 (0.03) poly.2  57.22 
278   0.92 (0.10)   1.15 (0.04)  97.45 ( 0.61)  94.06 ( 4.59)  0.23 (0.09) poly.2  42.53 
279   0.11 (0.03)   0.17 (0.02)  88.29 ( 4.27)  64.15 (20.47)  1.05 (0.18) poly.3  52.03 
280  13.32 (0.34)  13.53 (0.13)  91.14 ( 0.64)  91.62 ( 1.62) -0.13 (0.04) poly.2  55.40 
281   1.70 (0.13)   1.83 (0.05)  92.47 ( 1.16)  95.56 ( 1.96)  0.22 (0.11) sing.3  35.73 
282   6.78 (0.25)   6.36 (0.09)  91.75 ( 0.77)  91.90 ( 2.00)  0.07 (0.05) poly.2  57.45 
283   1.23 (0.11)   1.11 (0.04)  98.60 ( 0.37)  97.82 ( 1.70)  0.08 (0.08) poly.2  52.31 
284   0.03 (0.02)   0.06 (0.01)  99.22 ( 0.87)  50.69 (35.63)  0.95 (0.27) poly.3  80.60 
285  12.09 (0.33)  12.20 (0.12)  88.97 ( 0.77)  89.49 ( 1.96) -0.04 (0.04) poly.2  55.79 
286   0.10 (0.03)   0.11 (0.02)  99.86 ( 0.16)  22.41 (31.96)  0.96 (0.28) poly.3  97.75 
287  11.70 (0.32)  10.95 (0.12)  99.42 ( 0.08)  99.51 ( 0.17) -0.67 (0.05) poly.2  51.72 
288  15.65 (0.36)  15.36 (0.13)  78.96 ( 1.09)  76.24 ( 3.09)  0.13 (0.03) poly.3  42.43 
289   0.05 (0.02)   0.04 (0.01)  99.95 ( 0.12)   2.35 ( 6.24)  1.37 (0.31) poly.3  99.81 
290   5.78 (0.23)   5.52 (0.09)  98.37 ( 0.23)  98.58 ( 0.52) -0.29 (0.06) poly.2  54.35 
291  17.84 (0.38)  17.67 (0.15)  91.44 ( 0.67)  95.55 ( 1.58) -0.33 (0.07) poly.3  55.51 
292   0.12 (0.03)   0.18 (0.02)  90.54 ( 3.41)  87.97 ( 8.59)  0.83 (0.13) poly.2  55.39 
293   5.00 (0.22)   4.98 (0.09)  99.16 ( 0.14)  98.30 ( 1.03) -0.32 (0.06) poly.3  47.47 
294   5.76 (0.23)   5.88 (0.10)  99.90 ( 0.02)  99.95 ( 0.02) -0.85 (0.09) sing.3  36.07 
295  15.10 (0.36)  14.72 (0.15)  99.79 ( 0.03)  99.92 ( 0.04) -1.02 (0.07) sing.3  45.05 
296   0.87 (0.09)   0.98 (0.04)  92.73 ( 1.46)  86.34 ( 7.71)  0.51 (0.09) poly.3  42.83 
297   0.17 (0.04)   0.14 (0.02)  94.58 ( 2.96)  30.89 (25.28)  1.22 (0.25) poly.3  85.04 
298   0.54 (0.07)   0.56 (0.03)  84.81 ( 3.24)  50.38 (20.05)  1.00 (0.15) poly.3  77.47 
299   0.50 (0.07)   0.51 (0.03)  99.13 ( 0.35)  97.29 ( 3.51)  0.17 (0.12) poly.2  48.19 
300   0.00 (0.00)   0.02 (0.01) 100.00 ( 0.00)   3.63 ( 9.58)  1.08 (0.33) poly.3  99.96 
301   0.17 (0.04)   0.21 (0.02)  97.43 ( 1.24)  96.49 ( 3.66)  0.49 (0.13) poly.2  55.92 
302   0.10 (0.03)   0.15 (0.02)  98.52 ( 0.97)  83.04 (19.51)  0.62 (0.20) poly.3  53.10 
303   9.13 (0.29)   8.94 (0.12)  93.40 ( 0.67)  98.55 ( 0.83) -0.29 (0.09) poly.3  68.71 
304   0.00 (0.00)   0.01 (0.00)  98.50 ( 3.56)   2.61 ( 2.96)  1.91 (0.41) poly.3  97.60 
305   3.88 (0.19)   4.01 (0.07)  98.73 ( 0.21)  98.46 ( 0.64) -0.23 (0.05) poly.2  53.64 
306   5.03 (0.22)   5.18 (0.09)  92.89 ( 0.83)  99.48 ( 0.38) -0.25 (0.10) poly.3  82.12 
307   0.04 (0.02)   0.02 (0.01)  99.54 ( 1.10)   2.61 ( 4.77)  1.67 (0.36) poly.3  98.83 
308   0.04 (0.02)   0.08 (0.01)  94.64 ( 4.00)   8.45 (10.65)  1.56 (0.29) poly.3  95.63 
309  13.22 (0.34)  13.07 (0.12)  81.90 ( 1.04)  82.82 ( 2.68)  0.09 (0.04) poly.2  54.56 
310   3.45 (0.18)   3.45 (0.07)  90.48 ( 1.21)  99.59 ( 0.34) -0.09 (0.09) poly.3  97.43 
311   3.28 (0.18)   3.09 (0.07)  96.39 ( 0.54)  96.68 ( 1.31)  0.02 (0.07) poly.2  56.37 
312   7.42 (0.26)   7.24 (0.11)  98.80 ( 0.17)  99.93 ( 0.06) -0.70 (0.10) poly.3  69.04 
313   0.67 (0.08)   0.64 (0.04)  91.53 ( 2.22)  16.56 (17.86)  1.14 (0.19) poly.3  99.62 
314   5.09 (0.22)   5.00 (0.09)  98.27 ( 0.26)  96.12 ( 2.13) -0.16 (0.06) poly.3  58.56 
315  12.25 (0.33)  12.18 (0.14)  97.58 ( 0.27)  99.76 ( 0.16) -0.70 (0.10) poly.3  60.22 
316  17.11 (0.38)  16.98 (0.16)  97.76 ( 0.24)  99.48 ( 0.30) -0.71 (0.08) poly.3  57.71 
317  20.27 (0.40)  20.51 (0.16)  92.81 ( 0.57)  98.80 ( 0.54) -0.60 (0.09) poly.3  72.87 
318  19.08 (0.39)  19.01 (0.15)  90.16 ( 0.64)  91.28 ( 1.62) -0.23 (0.04) poly.2  46.93 
319   0.09 (0.03)   0.08 (0.01)  99.22 ( 0.89)   2.52 ( 5.94)  1.47 (0.30) poly.3  99.59 
320   0.10 (0.03)   0.06 (0.01)  83.64 ( 8.98)  12.06 ( 8.79)  1.74 (0.29) poly.3  89.51 
321   0.01 (0.01)   0.02 (0.01)  99.99 ( 0.02)   2.33 ( 6.41)  1.31 (0.33) poly.3  99.88 
322   3.37 (0.18)   3.32 (0.06)  94.62 ( 0.69)  94.14 ( 1.62)  0.12 (0.05) poly.2  55.61 
323  15.63 (0.36)  15.49 (0.13)  93.99 ( 0.47)  92.68 ( 1.57) -0.25 (0.03) poly.2  42.56 
324   0.00 (0.00)   0.00 (0.00)  88.43 (20.78)   4.31 ( 3.71)  2.26 (0.47) poly.3  91.59 
325   8.51 (0.28)   8.62 (0.12)  95.43 ( 0.50)  98.15 ( 0.90) -0.30 (0.09) sing.3  47.22 
326  16.50 (0.37)  16.53 (0.14)  89.77 ( 0.73)  92.44 ( 1.88) -0.20 (0.05) poly.3  40.64 
327   1.46 (0.12)   1.41 (0.04)  95.76 ( 0.81)  95.21 ( 2.04)  0.25 (0.06) poly.2  55.90 
328   0.04 (0.02)   0.04 (0.01)  95.16 ( 4.47)  36.22 (25.24)  1.33 (0.29) poly.3  76.91 
329   3.43 (0.18)   3.52 (0.08)  97.26 ( 0.45)  99.98 ( 0.02) -0.47 (0.09) poly.3  99.15 
330   0.04 (0.02)   0.05 (0.01)  99.91 ( 0.17)   3.51 ( 8.62)  1.32 (0.30) poly.3  99.70 
331   0.91 (0.09)   0.95 (0.04)  93.25 ( 1.37)  89.81 ( 5.51)  0.47 (0.08) poly.2  48.69 
332   0.21 (0.05)   0.20 (0.02)  97.97 ( 1.33)   2.27 ( 5.44)  1.44 (0.27) poly.3  99.83 
333   1.32 (0.11)   1.31 (0.05)  94.96 ( 1.08)  72.35 (16.18)  0.54 (0.13) poly.3  85.92 
334   8.44 (0.28)   8.45 (0.11)  98.48 ( 0.20)  97.25 ( 1.24) -0.34 (0.05) poly.3  54.80 
335   2.64 (0.16)   2.75 (0.06)  87.21 ( 1.41)  87.48 ( 3.73)  0.39 (0.07) poly.2  57.30 
336  10.02 (0.30)  10.04 (0.12)  95.96 ( 0.45)  99.90 ( 0.07) -0.58 (0.06) poly.3  98.67 
337   6.09 (0.24)   5.84 (0.09)  80.46 ( 1.66)  65.96 ( 8.35)  0.46 (0.07) poly.3  85.59 
338   0.00 (0.00)   0.01 (0.00)  99.31 ( 1.74)   2.23 ( 3.34)  1.79 (0.39) poly.3  98.53 
339   0.14 (0.04)   0.20 (0.02)  96.13 ( 1.75)  91.14 ( 9.29)  0.63 (0.15) poly.2  49.86 
340   0.35 (0.06)   0.38 (0.03)  99.76 ( 0.14)  92.21 (11.81)  0.18 (0.17) poly.3  60.38 
341   0.00 (0.00)   0.00 (0.00)   0.00 ( 0.00)   0.00 ( 0.00)  0.00 (0.00) raw    100.00 
342  31.07 (0.46)  30.53 (0.18)  72.45 ( 1.35)  56.05 ( 5.96)  0.07 (0.05) poly.3  99.70 
343   0.00 (0.00)   0.01 (0.00)  56.40 (28.41)   6.42 ( 3.80)  2.43 (0.38) poly.3  86.66 
344  18.59 (0.39)  18.94 (0.15)  84.68 ( 0.89)  86.71 ( 2.38) -0.10 (0.05) poly.2  42.28 
345   3.40 (0.18)   3.33 (0.07)  91.13 ( 1.06)  94.27 ( 2.16)  0.16 (0.09) sing.3  34.91 
346   0.19 (0.04)   0.21 (0.02)  99.22 ( 0.57)  12.07 (20.23)  1.12 (0.27) poly.3  99.04 
347   0.65 (0.08)   0.58 (0.03)  99.26 ( 0.30)  94.27 ( 7.27)  0.19 (0.13) poly.3  50.41 
348   0.57 (0.08)   0.59 (0.03)  97.39 ( 0.80)  97.75 ( 1.62)  0.26 (0.12) poly.2  56.26 
349   0.00 (0.00)   0.00 (0.00)   0.00 ( 0.00)   0.00 ( 0.00)  0.00 (0.00) raw    100.00 
350   0.00 (0.00)   0.00 (0.00)  92.20 (13.25)   4.19 ( 4.34)  2.20 (0.51) poly.3  91.22 
351   0.01 (0.01)   0.02 (0.01)  99.81 ( 0.46)   4.23 ( 8.52)  1.51 (0.35) poly.3  98.79 
352   0.14 (0.04)   0.18 (0.02)  84.64 ( 4.75)  70.37 (16.51)  1.05 (0.15) poly.2  43.96 
353   1.71 (0.13)   1.82 (0.05)  76.97 ( 2.34)  80.60 ( 5.60)  0.63 (0.09) poly.2  48.77 
354   1.85 (0.13)   2.00 (0.05)  95.51 ( 0.73)  95.25 ( 1.59)  0.18 (0.05) poly.2  56.96 
355   2.20 (0.15)   2.00 (0.05)  90.59 ( 1.34)  84.78 ( 6.21)  0.43 (0.07) poly.3  47.11 
356   0.22 (0.05)   0.23 (0.02)  98.13 ( 1.01)  66.46 (28.22)  0.73 (0.21) poly.3  72.25 
357   1.37 (0.12)   1.36 (0.04)  96.38 ( 0.74)  97.00 ( 1.49)  0.18 (0.09) poly.2  54.31 
358   0.02 (0.01)   0.03 (0.01)  99.87 ( 0.26)  10.64 (19.27)  1.26 (0.32) poly.3  98.18 
359   0.23 (0.05)   0.33 (0.02)  90.66 ( 3.07)  19.72 (20.65)  1.25 (0.23) poly.3  95.45 
360   1.93 (0.14)   2.09 (0.06)  99.82 ( 0.05)  99.79 ( 0.14) -0.43 (0.06) poly.2  56.90 
361   0.32 (0.06)   0.27 (0.02)  97.61 ( 1.16)  49.77 (31.55)  0.87 (0.22) poly.3  84.89 
362   0.00 (0.00)   0.00 (0.00)  52.85 (50.49)   3.01 ( 4.95)  2.72 (0.57) poly.3  76.69 
363   0.85 (0.09)   0.72 (0.04)  98.28 ( 0.60)  43.06 (29.26)  0.73 (0.19) poly.3  98.64 
364   0.00 (0.00)   0.00 (0.00)   0.00 ( 0.00)   0.00 ( 0.00)  0.00 (0.00) raw    100.00 
365   1.26 (0.11)   1.32 (0.05)  98.92 ( 0.31)  71.56 (20.55)  0.39 (0.16) poly.3  97.47 
366   1.45 (0.12)   1.55 (0.05)  99.58 ( 0.12)  98.38 ( 1.80) -0.16 (0.09) poly.3  44.70 
367  33.28 (0.47)  32.98 (0.19)  97.58 ( 0.22)  95.46 ( 1.41) -0.70 (0.04) poly.3  85.52 
368   0.00 (0.00)   0.00 (0.00)  34.70 (46.87)   2.36 ( 4.40)  2.88 (0.58) poly.3  71.84 
369   1.03 (0.10)   1.05 (0.04)  97.44 ( 0.62)  98.48 ( 0.79)  0.09 (0.12) poly.2  41.48 
370  34.32 (0.47)  34.09 (0.17)  89.48 ( 0.55)  88.80 ( 1.29) -0.41 (0.02) poly.2  51.21 
371   0.00 (0.00)   0.00 (0.00)   0.00 ( 0.00)   0.00 ( 0.00)  0.00 (0.00) raw    100.00 
372   0.32 (0.06)   0.34 (0.02)  96.56 ( 1.25)  94.83 ( 4.59)  0.48 (0.11) poly.2  54.06 
373   0.00 (0.00)   0.00 (0.00)   0.96 ( 2.97)   0.22 ( 0.78)  3.82 (0.66) poly.2  36.62 
374   0.12 (0.03)   0.13 (0.02)  98.52 ( 1.15)  19.67 (25.18)  1.17 (0.27) poly.3  94.97 
375   0.02 (0.01)   0.02 (0.01)  99.88 ( 0.27)   3.60 ( 8.18)  1.44 (0.33) poly.3  99.34 
376   0.03 (0.02)   0.03 (0.01)  95.77 ( 5.72)   4.26 ( 4.64)  1.82 (0.33) poly.3  96.79 
377   1.02 (0.10)   0.97 (0.04)  83.34 ( 2.50)  89.80 ( 4.48)  0.57 (0.13) poly.2  33.92 
378   0.89 (0.09)   0.85 (0.04)  94.21 ( 1.39)  71.78 (17.48)  0.63 (0.14) poly.3  75.61 
379   5.05 (0.22)   5.07 (0.08)  98.46 ( 0.23)  98.66 ( 0.50) -0.28 (0.06) poly.2  54.34 
380   0.25 (0.05)   0.25 (0.02)  99.34 ( 0.41)  73.68 (27.58)  0.55 (0.21) poly.3  74.01 
381   0.00 (0.00)   0.00 (0.00)   0.00 ( 0.00)   0.00 ( 0.00)  0.00 (0.00) raw    100.00 
382   0.04 (0.02)   0.06 (0.01)  88.07 ( 6.81)  47.07 (22.41)  1.33 (0.25) poly.3  61.77 
383   0.01 (0.01)   0.01 (0.00)  97.15 ( 6.20)   3.03 ( 2.89)  1.98 (0.40) poly.3  96.85 
384   0.08 (0.03)   0.10 (0.01)  83.84 ( 6.34)  60.44 (20.13)  1.21 (0.20) poly.3  46.92 
385   0.00 (0.00)   0.00 (0.00)   0.00 ( 0.00)   0.00 ( 0.00)  0.00 (0.00) raw    100.00 
386   0.67 (0.08)   0.63 (0.03)  70.70 ( 3.91)  80.35 ( 7.99)  0.86 (0.15) poly.2  36.74 
387   0.08 (0.03)   0.15 (0.02)  89.40 ( 4.43)  40.67 (23.34)  1.23 (0.23) poly.3  73.78 
388   0.68 (0.08)   0.74 (0.03)  95.37 ( 1.14)  93.84 ( 3.73)  0.40 (0.08) poly.2  53.68 
389   0.35 (0.06)   0.30 (0.02)  99.58 ( 0.28)  22.19 (29.49)  0.91 (0.25) poly.3  98.92 
390   3.19 (0.18)   3.32 (0.07)  93.73 ( 0.85)  99.27 ( 0.61) -0.17 (0.14) poly.3  54.96 
391   0.00 (0.00)   0.00 (0.00)  63.85 (45.99)   3.39 ( 5.19)  2.62 (0.57) poly.3  79.28 
392   0.46 (0.07)   0.48 (0.03)  90.18 ( 2.30)  92.73 ( 3.80)  0.59 (0.13) poly.2  49.98 
393   0.00 (0.00)   0.01 (0.00)  70.62 (32.50)   6.09 ( 4.51)  2.38 (0.42) poly.3  86.98 
394   0.17 (0.04)   0.11 (0.01)  87.97 ( 6.35)   0.67 ( 1.20)  1.90 (0.29) poly.3  99.65 
395   0.00 (0.00)   0.00 (0.00)  52.85 (50.49)   3.01 ( 4.95)  2.72 (0.57) poly.3  76.69 
396   0.00 (0.00)   0.00 (0.00)  95.24 ( 6.99)   4.07 ( 4.43)  2.08 (0.52) poly.3  92.77 
397   2.65 (0.16)   2.63 (0.07)  81.60 ( 2.16)  53.89 (13.33)  0.72 (0.10) poly.3  94.83 
398   0.00 (0.00)   0.00 (0.00)   0.00 ( 0.00)   0.00 ( 0.00)  0.00 (0.00) raw    100.00 
399   0.05 (0.02)   0.04 (0.01)  99.33 ( 1.13)   1.50 ( 3.41)  1.63 (0.32) poly.3  99.55 
400   0.00 (0.00)   0.00 (0.00)   0.00 ( 0.00)   0.00 ( 0.00)  0.00 (0.00) raw    100.00 
401   0.27 (0.05)   0.22 (0.02)  99.10 ( 0.53)  90.08 (13.36)  0.42 (0.17) poly.3  49.01 
402   0.00 (0.00)   0.00 (0.00)   0.00 ( 0.00)   0.00 ( 0.00)  0.00 (0.00) raw    100.00 
403   0.06 (0.02)   0.03 (0.01)  80.91 (15.70)   3.31 ( 1.87)  2.15 (0.34) poly.3  96.02 
404   0.02 (0.01)   0.04 (0.01)  68.29 (13.18)  44.37 (18.18)  1.62 (0.25) poly.3  45.74 
405   0.07 (0.03)   0.09 (0.01)  87.00 ( 7.08)   6.05 ( 6.24)  1.75 (0.29) poly.3  95.69 
406   0.63 (0.08)   0.58 (0.03)  85.46 ( 2.93)  71.99 (13.15)  0.84 (0.11) poly.3  48.72 
407   0.04 (0.02)   0.06 (0.01)  99.55 ( 0.65)   9.82 (17.08)  1.31 (0.30) poly.3  97.84 
408   0.00 (0.00)   0.00 (0.00)  95.24 ( 6.99)   4.07 ( 4.43)  2.08 (0.52) poly.3  92.77 
409   0.01 (0.01)   0.01 (0.00)  92.86 (13.62)   3.85 ( 2.99)  2.14 (0.42) poly.3  94.58 
410  11.44 (0.32)  11.51 (0.12)  96.84 ( 0.31)  96.95 ( 0.78) -0.33 (0.04) poly.2  57.04 
411   0.00 (0.00)   0.00 (0.00)   0.00 ( 0.00)   0.00 ( 0.00)  0.00 (0.00) raw    100.00 
412   0.00 (0.00)   0.00 (0.00)   0.00 ( 0.00)   0.00 ( 0.00)  0.00 (0.00) raw    100.00 
413   0.04 (0.02)   0.04 (0.01)  89.17 ( 9.29)   3.65 ( 3.13)  1.93 (0.32) poly.3  96.74 
414   0.00 (0.00)   0.00 (0.00)   0.00 ( 0.00)   0.00 ( 0.00)  0.00 (0.00) raw    100.00 
415   0.00 (0.00)   0.00 (0.00)   0.00 ( 0.00)   0.00 ( 0.00)  0.00 (0.00) raw    100.00 
416   0.07 (0.03)   0.07 (0.01)  86.01 ( 7.71)  18.11 (13.00)  1.61 (0.28) poly.3  85.43 
417   0.00 (0.00)   0.00 (0.00)   4.85 (11.70)   0.71 ( 2.00)  3.40 (0.64) poly.3  51.57 
418   0.00 (0.00)   0.00 (0.00)   0.00 ( 0.00)   0.00 ( 0.00)  0.00 (0.00) raw    100.00 
419   0.02 (0.01)   0.01 (0.00)  90.78 (13.45)   5.23 ( 3.68)  2.05 (0.37) poly.3  93.93 
420   0.18 (0.04)   0.30 (0.02)  95.82 ( 1.55)  93.51 ( 5.74)  0.55 (0.12) poly.2  53.58 
421   0.00 (0.00)   0.00 (0.00)   4.85 (11.70)   0.71 ( 2.00)  3.40 (0.64) poly.3  51.57 
422   0.01 (0.01)   0.02 (0.01)  87.74 (11.92)   7.85 ( 5.34)  1.93 (0.33) poly.3  92.06 
423   0.00 (0.00)   0.00 (0.00)   0.00 ( 0.00)   0.00 ( 0.00)  0.00 (0.00) raw    100.00 
424   0.18 (0.04)   0.20 (0.02)  99.52 ( 0.40)   2.01 ( 5.24)  1.30 (0.27) poly.3  99.95 
425   0.00 (0.00)   0.00 (0.00)   0.00 ( 0.00)   0.00 ( 0.00)  0.00 (0.00) raw    100.00 
426   0.00 (0.00)   0.00 (0.00)   0.00 ( 0.00)   0.00 ( 0.00)  0.00 (0.00) raw    100.00 
427   0.00 (0.00)   0.00 (0.00)   0.00 ( 0.00)   0.00 ( 0.00)  0.00 (0.00) raw    100.00 
428   0.01 (0.01)   0.02 (0.01)  93.97 ( 7.89)   3.62 ( 3.34)  1.92 (0.34) poly.3  96.82 
429   0.00 (0.00)   0.00 (0.00)   0.00 ( 0.00)   0.00 ( 0.00)  0.00 (0.00) raw    100.00 
430   0.00 (0.00)   0.00 (0.00)   0.00 ( 0.00)   0.00 ( 0.00)  0.00 (0.00) raw    100.00 
431   0.00 (0.00)   0.00 (0.00)   0.00 ( 0.00)   0.00 ( 0.00)  0.00 (0.00) raw    100.00 
432   0.00 (0.00)   0.00 (0.00)   0.00 ( 0.00)   0.00 ( 0.00)  0.00 (0.00) raw    100.00 
433   0.00 (0.00)   0.00 (0.00)   0.00 ( 0.00)   0.00 ( 0.00)  0.00 (0.00) raw    100.00 
434   0.00 (0.00)   0.00 (0.00)   0.00 ( 0.00)   0.00 ( 0.00)  0.00 (0.00) raw    100.00 
435   0.00 (0.00)   0.00 (0.00)   0.00 ( 0.00)   0.00 ( 0.00)  0.00 (0.00) raw    100.00 
436   0.00 (0.00)   0.00 (0.00)   0.00 ( 0.00)   0.00 ( 0.00)  0.00 (0.00) raw    100.00 
437   0.00 (0.00)   0.00 (0.00)   0.00 ( 0.00)   0.00 ( 0.00)  0.00 (0.00) raw    100.00 
438   3.24 (0.18)   3.41 (0.07)  86.41 ( 1.38)  88.98 ( 3.21)  0.32 (0.07) poly.2  45.61 
439   0.00 (0.00)   0.00 (0.00)   0.00 ( 0.00)   0.00 ( 0.00)  0.00 (0.00) raw    100.00 
440   0.00 (0.00)   0.00 (0.00)   0.00 ( 0.00)   0.00 ( 0.00)  0.00 (0.00) raw    100.00 
441   0.00 (0.00)   0.00 (0.00)   0.00 ( 0.00)   0.00 ( 0.00)  0.00 (0.00) raw    100.00 
442   0.00 (0.00)   0.00 (0.00)  10.28 (21.34)   1.16 ( 2.84)  3.21 (0.61) poly.3  59.32 
443   0.00 (0.00)   0.00 (0.00)  76.69 (33.30)   3.88 ( 5.46)  2.48 (0.56) poly.3  82.49 
444   0.00 (0.00)   0.00 (0.00)   0.00 ( 0.00)   0.00 ( 0.00)  0.00 (0.00) raw    100.00 
445   0.00 (0.00)   0.00 (0.00)   0.00 ( 0.00)   0.00 ( 0.00)  0.00 (0.00) raw    100.00 
446   0.00 (0.00)   0.00 (0.00)   0.00 ( 0.00)   0.00 ( 0.00)  0.00 (0.00) raw    100.00 
447   0.00 (0.00)   0.00 (0.00)   0.00 ( 0.00)   0.00 ( 0.00)  0.00 (0.00) raw    100.00 
448   0.00 (0.00)   0.00 (0.00)   0.00 ( 0.00)   0.00 ( 0.00)  0.00 (0.00) raw    100.00 
449   0.00 (0.00)   0.00 (0.00)   0.00 ( 0.00)   0.00 ( 0.00)  0.00 (0.00) raw    100.00 
450   0.00 (0.00)   0.00 (0.00)   0.00 ( 0.00)   0.00 ( 0.00)  0.00 (0.00) raw    100.00 
451   0.00 (0.00)   0.00 (0.00)   0.00 ( 0.00)   0.00 ( 0.00)  0.00 (0.00) raw    100.00 
452   0.00 (0.00)   0.00 (0.00)   0.00 ( 0.00)   0.00 ( 0.00)  0.00 (0.00) raw    100.00 
453 100.00 (0.00) 100.00 (0.00) 100.00 ( 0.00) 100.00 ( 0.00)  0.00 (0.00) raw    100.00 
