
Corrected P-values by Akaike Weights Averaging (percent,Frequentist):
     raw           k.1           k.2            k.3            beta0        model  weight 
1     96.42 (0.19)  96.75 (0.07) 100.00 ( 0.00) 100.00 ( 0.00) -3.08 (0.05) poly.2  46.86 
2     71.83 (0.45)  71.62 (0.17)  97.17 ( 0.27)  87.97 ( 2.98) -1.06 (0.05) poly.3 100.00 
3     86.17 (0.35)  86.14 (0.13)  99.99 ( 0.00)  99.99 ( 0.00) -2.39 (0.04) poly.2  46.76 
4     67.51 (0.47)  67.64 (0.17)  99.79 ( 0.02)  99.76 ( 0.06) -1.65 (0.02) poly.2  50.27 
5     59.06 (0.49)  59.23 (0.19)  99.81 ( 0.02)  99.88 ( 0.04) -1.62 (0.05) poly.3  43.10 
6     98.81 (0.11)  98.84 (0.04) 100.00 ( 0.00) 100.00 ( 0.00) -3.28 (0.09) poly.2  48.98 
7     61.26 (0.49)  60.99 (0.19)  94.71 ( 0.43)  70.54 ( 5.00) -0.68 (0.04) poly.3 100.00 
8     64.93 (0.48)  65.05 (0.19)  98.70 ( 0.14)  91.66 ( 2.27) -1.10 (0.05) poly.3 100.00 
9     85.76 (0.35)  85.62 (0.13)  99.99 ( 0.00)  99.99 ( 0.00) -2.37 (0.04) poly.2  57.23 
10    92.03 (0.27)  91.95 (0.10)  99.95 ( 0.01)  99.96 ( 0.01) -2.38 (0.05) poly.2  45.59 
11    84.09 (0.37)  84.53 (0.13)  99.90 ( 0.01)  99.91 ( 0.03) -2.07 (0.04) poly.2  53.02 
12    86.17 (0.35)  86.05 (0.13)  99.85 ( 0.02)  99.49 ( 0.25) -1.93 (0.05) poly.3  98.25 
13    63.41 (0.48)  63.20 (0.19)  97.17 ( 0.26)  93.58 ( 1.82) -1.03 (0.04) poly.3  99.12 
14    82.32 (0.38)  82.84 (0.14)  98.92 ( 0.13)  97.65 ( 0.86) -1.55 (0.05) poly.3  91.19 
15    55.20 (0.50)  55.35 (0.17)  99.45 ( 0.04)  99.45 ( 0.08) -1.34 (0.02) poly.2  57.61 
16    32.92 (0.47)  32.63 (0.19)  92.19 ( 0.59)  84.63 ( 3.64) -0.39 (0.05) poly.3  98.41 
17    64.73 (0.48)  65.45 (0.18)  98.26 ( 0.15)  98.80 ( 0.34) -1.30 (0.05) poly.3  43.42 
18    37.21 (0.48)  36.63 (0.17)  77.40 ( 0.84)  77.17 ( 1.57) -0.20 (0.02) poly.2  57.05 
19    87.57 (0.33)  87.63 (0.12)  99.94 ( 0.01)  99.95 ( 0.02) -2.21 (0.04) poly.2  45.64 
20    54.35 (0.50)  53.82 (0.20)  96.56 ( 0.30)  88.26 ( 2.87) -0.80 (0.04) poly.3 100.00 
21    98.95 (0.10)  98.93 (0.04) 100.00 ( 0.00)  99.99 ( 0.01) -3.10 (0.06) poly.2  51.15 
22    72.33 (0.45)  72.46 (0.17)  98.85 ( 0.11)  99.18 ( 0.23) -1.48 (0.05) poly.3  38.15 
23    34.96 (0.48)  35.20 (0.19)  85.76 ( 0.89)  73.02 ( 4.96) -0.23 (0.05) poly.3  99.81 
24    62.02 (0.49)  62.40 (0.18)  99.92 ( 0.01)  99.93 ( 0.02) -1.75 (0.04) poly.2  49.52 
25    76.73 (0.42)  76.34 (0.15)  99.68 ( 0.03)  99.68 ( 0.05) -1.72 (0.02) poly.2  57.57 
26    19.05 (0.39)  19.19 (0.14)  91.90 ( 0.51)  91.47 ( 1.13) -0.26 (0.03) poly.2  54.20 
27    74.88 (0.43)  74.97 (0.16)  99.43 ( 0.06)  98.97 ( 0.37) -1.55 (0.04) poly.3  75.55 
28    75.68 (0.43)  75.23 (0.16)  99.79 ( 0.02)  99.84 ( 0.05) -1.80 (0.04) poly.2  35.94 
29    83.67 (0.37)  83.98 (0.14)  99.98 ( 0.00)  99.98 ( 0.01) -2.25 (0.02) poly.2  57.38 
30    39.77 (0.49)  39.92 (0.19)  96.33 ( 0.29)  97.48 ( 0.69) -0.82 (0.05) poly.3  44.82 
31    20.25 (0.40)  19.41 (0.14)  89.45 ( 0.63)  88.55 ( 1.57) -0.18 (0.03) poly.2  50.21 
32    33.50 (0.47)  33.06 (0.19)  98.15 ( 0.19)  93.93 ( 1.94) -0.69 (0.05) poly.3  99.93 
33    56.52 (0.50)  56.38 (0.19)  96.93 ( 0.26)  94.66 ( 1.47) -0.95 (0.04) poly.3  87.20 
34    51.28 (0.50)  51.71 (0.20)  98.37 ( 0.16)  92.26 ( 2.16) -0.91 (0.04) poly.3 100.00 
35    82.83 (0.38)  83.11 (0.14)  99.82 ( 0.02)  99.82 ( 0.05) -1.94 (0.03) poly.2  57.20 
36    56.21 (0.50)  56.33 (0.18)  99.72 ( 0.03)  99.67 ( 0.08) -1.46 (0.02) poly.2  48.06 
37    30.43 (0.46)  29.85 (0.18)  90.91 ( 0.67)  71.03 ( 5.45) -0.21 (0.05) poly.3 100.00 
38    49.83 (0.50)  49.75 (0.20)  84.23 ( 0.93)  50.05 ( 5.73) -0.25 (0.04) poly.3 100.00 
39    40.68 (0.49)  41.55 (0.18)  95.25 ( 0.33)  93.92 ( 1.25) -0.70 (0.03) poly.3  54.71 
40    78.33 (0.41)  78.82 (0.15)  99.68 ( 0.03)  99.71 ( 0.07) -1.77 (0.04) poly.2  53.42 
41    60.68 (0.49)  60.27 (0.17)  99.55 ( 0.04)  99.51 ( 0.09) -1.43 (0.02) poly.2  53.30 
42    26.37 (0.44)  25.97 (0.18)  96.63 ( 0.31)  99.30 ( 0.33) -0.77 (0.06) poly.3  84.83 
43    34.96 (0.48)  34.94 (0.19)  96.04 ( 0.33)  98.88 ( 0.47) -0.85 (0.06) poly.3  73.97 
44    28.31 (0.45)  27.85 (0.18)  86.60 ( 0.89)  74.37 ( 5.08) -0.15 (0.05) poly.3  99.52 
45    37.69 (0.48)  38.02 (0.20)  96.94 ( 0.27)  98.92 ( 0.45) -0.92 (0.06) poly.3  65.79 
46    65.85 (0.47)  66.79 (0.17)  99.26 ( 0.06)  99.26 ( 0.11) -1.44 (0.02) poly.2  57.61 
47    42.96 (0.50)  42.33 (0.20)  98.84 ( 0.12)  97.34 ( 0.92) -0.96 (0.04) poly.3  94.24 
48    62.19 (0.48)  62.08 (0.19)  99.59 ( 0.05)  98.31 ( 0.63) -1.34 (0.05) poly.3  99.99 
49    56.97 (0.50)  57.56 (0.18)  99.88 ( 0.01)  99.83 ( 0.06) -1.59 (0.03) poly.3  46.39 
50    39.10 (0.49)  39.63 (0.20)  94.44 ( 0.44)  80.30 ( 4.20) -0.48 (0.05) poly.3 100.00 
51    60.51 (0.49)  60.08 (0.19)  99.55 ( 0.05)  99.67 ( 0.10) -1.47 (0.04) poly.3  35.16 
52    61.66 (0.49)  62.07 (0.18)  99.79 ( 0.02)  99.68 ( 0.11) -1.55 (0.03) poly.3  54.84 
53    45.17 (0.50)  45.37 (0.20)  99.26 ( 0.08)  99.67 ( 0.14) -1.26 (0.06) sing.3  47.65 
54    46.23 (0.50)  47.19 (0.19)  51.28 ( 1.35)  57.91 ( 4.15) -0.02 (0.03) poly.3  71.13 
55    34.68 (0.48)  34.96 (0.18)  99.35 ( 0.06)  99.44 ( 0.14) -1.07 (0.04) poly.2  49.41 
56    27.15 (0.44)  27.23 (0.18)  97.83 ( 0.21)  99.81 ( 0.10) -0.97 (0.06) poly.3  87.11 
57    75.02 (0.43)  75.37 (0.16)  99.55 ( 0.04)  99.59 ( 0.10) -1.66 (0.03) poly.2  54.63 
58    59.25 (0.49)  58.85 (0.19)  99.37 ( 0.07)  98.68 ( 0.48) -1.29 (0.04) poly.3  87.98 
59    45.94 (0.50)  46.18 (0.20)  83.86 ( 0.95)  59.20 ( 5.59) -0.26 (0.04) poly.3 100.00 
60    67.53 (0.47)  67.97 (0.18)  98.01 ( 0.19)  96.09 ( 1.20) -1.19 (0.04) poly.3  92.22 
61    67.23 (0.47)  67.23 (0.18)  94.10 ( 0.47)  76.61 ( 4.47) -0.80 (0.04) poly.3 100.00 
62    66.28 (0.47)  65.77 (0.18)  99.71 ( 0.03)  99.77 ( 0.06) -1.61 (0.04) poly.2  43.48 
63    33.92 (0.47)  34.39 (0.18)  97.14 ( 0.23)  95.91 ( 1.05) -0.71 (0.03) poly.3  61.67 
64     7.80 (0.27)   7.62 (0.11)  93.66 ( 0.70)  99.64 ( 0.24) -0.35 (0.07) poly.3  97.41 
65    55.46 (0.50)  54.97 (0.20)  98.46 ( 0.15)  95.58 ( 1.37) -1.03 (0.04) poly.3  99.86 
66    30.15 (0.46)  29.96 (0.18)  89.32 ( 0.75)  77.92 ( 4.65) -0.24 (0.05) poly.3  99.78 
67    61.69 (0.49)  61.79 (0.19)  88.22 ( 0.78)  68.43 ( 5.09) -0.57 (0.04) poly.3 100.00 
68    37.76 (0.48)  37.44 (0.19)  93.57 ( 0.50)  86.71 ( 3.23) -0.50 (0.05) poly.3  99.05 
69    40.82 (0.49)  41.37 (0.20)  99.39 ( 0.07)  99.80 ( 0.10) -1.26 (0.06) poly.3  54.00 
70    40.36 (0.49)  40.37 (0.18)  91.18 ( 0.49)  90.08 ( 1.39) -0.54 (0.03) poly.2  44.35 
71    47.11 (0.50)  47.00 (0.20)  97.60 ( 0.21)  99.59 ( 0.19) -1.22 (0.09) poly.3  55.79 
72    51.20 (0.50)  51.15 (0.20)  95.05 ( 0.40)  79.84 ( 4.10) -0.64 (0.04) poly.3 100.00 
73    51.70 (0.50)  52.25 (0.20)  98.63 ( 0.13)  99.34 ( 0.26) -1.22 (0.06) poly.3  51.83 
74    46.25 (0.50)  46.18 (0.18)  97.56 ( 0.18)  97.64 ( 0.44) -0.94 (0.03) poly.2  56.71 
75    43.10 (0.50)  43.63 (0.17)  89.19 ( 0.51)  89.14 ( 0.94) -0.54 (0.02) poly.2  57.54 
76    16.13 (0.37)  15.97 (0.15)  97.38 ( 0.26)  98.34 ( 0.55) -0.54 (0.06) poly.3  43.34 
77    40.76 (0.49)  40.20 (0.20)  96.75 ( 0.29)  90.93 ( 2.48) -0.67 (0.05) poly.3  99.96 
78    36.29 (0.48)  36.14 (0.18)  99.04 ( 0.09)  99.16 ( 0.19) -1.01 (0.03) poly.2  49.44 
79    20.70 (0.41)  20.50 (0.16)  92.98 ( 0.53)  94.88 ( 1.32) -0.38 (0.05) poly.3  36.77 
80    35.13 (0.48)  35.94 (0.20)  99.26 ( 0.08)  97.50 ( 0.94) -0.92 (0.05) poly.3  99.57 
81    52.44 (0.50)  52.74 (0.20)  99.02 ( 0.10)  99.65 ( 0.16) -1.32 (0.06) poly.3  59.50 
82    18.32 (0.39)  18.67 (0.16)  96.29 ( 0.37)  80.09 ( 5.33) -0.21 (0.06) poly.3 100.00 
83    48.80 (0.50)  49.03 (0.19)  99.66 ( 0.04)  99.40 ( 0.22) -1.30 (0.04) poly.3  70.15 
84    50.28 (0.50)  50.78 (0.19)  81.78 ( 0.99)  73.83 ( 4.32) -0.40 (0.04) poly.3  90.51 
85    54.75 (0.50)  54.88 (0.18)  99.70 ( 0.03)  99.70 ( 0.05) -1.43 (0.02) poly.2  57.58 
86    57.48 (0.49)  57.08 (0.19)  99.66 ( 0.03)  99.73 ( 0.07) -1.47 (0.04) poly.2  41.70 
87    79.46 (0.40)  79.28 (0.16)  91.84 ( 0.66)  57.85 ( 6.02) -0.81 (0.05) poly.3 100.00 
88    59.50 (0.49)  59.47 (0.17)  98.83 ( 0.09)  98.74 ( 0.21) -1.25 (0.02) poly.2  53.37 
89    29.10 (0.45)  29.22 (0.19)  97.55 ( 0.23)  99.17 ( 0.38) -0.84 (0.06) poly.3  63.14 
90    61.29 (0.49)  61.68 (0.17)  99.61 ( 0.04)  99.55 ( 0.10) -1.47 (0.02) poly.2  49.22 
91    23.74 (0.43)  23.58 (0.17)  88.73 ( 0.82)  75.84 ( 5.19) -0.12 (0.05) poly.3  99.80 
92    29.78 (0.46)  29.42 (0.18)  88.02 ( 0.82)  57.02 ( 6.26) -0.07 (0.05) poly.3 100.00 
93    81.05 (0.39)  81.16 (0.15)  99.83 ( 0.02)  99.92 ( 0.04) -1.98 (0.06) poly.3  51.72 
94    23.97 (0.43)  23.39 (0.18)  98.60 ( 0.15)  96.03 ( 1.52) -0.63 (0.05) poly.3  96.93 
95     7.51 (0.26)   7.48 (0.11)  87.64 ( 1.18)  70.55 ( 8.22)  0.29 (0.07) poly.3  97.75 
96    53.42 (0.50)  53.61 (0.20)  98.77 ( 0.12)  97.24 ( 0.92) -1.09 (0.04) poly.3  95.28 
97    30.63 (0.46)  30.77 (0.16)  92.44 ( 0.42)  92.34 ( 0.80) -0.46 (0.02) poly.2  57.20 
98    30.55 (0.46)  29.82 (0.18)  93.20 ( 0.54)  81.47 ( 4.27) -0.33 (0.05) poly.3 100.00 
99    57.47 (0.49)  57.89 (0.18)  99.58 ( 0.04)  99.36 ( 0.21) -1.39 (0.03) poly.3  59.33 
100   76.49 (0.42)  76.12 (0.16)  99.99 ( 0.00)  99.99 ( 0.00) -2.28 (0.03) poly.2  49.57 
101   16.56 (0.37)  16.25 (0.16)  99.44 ( 0.08)  89.97 ( 3.92) -0.46 (0.06) poly.3 100.00 
102   41.29 (0.49)  41.22 (0.18)  99.30 ( 0.07)  99.01 ( 0.30) -1.09 (0.03) poly.3  53.25 
103   43.62 (0.50)  43.62 (0.20)  97.64 ( 0.22)  92.91 ( 2.04) -0.78 (0.05) poly.3  99.98 
104   43.98 (0.50)  43.27 (0.20)  95.72 ( 0.36)  83.39 ( 3.73) -0.59 (0.05) poly.3 100.00 
105   19.79 (0.40)  20.35 (0.16)  89.46 ( 0.81)  74.67 ( 5.58) -0.06 (0.05) poly.3  99.95 
106   29.75 (0.46)  30.09 (0.16)  83.23 ( 0.75)  82.65 ( 1.56) -0.22 (0.02) poly.2  54.31 
107   42.75 (0.49)  42.65 (0.19)  99.27 ( 0.07)  98.73 ( 0.44) -1.08 (0.04) poly.3  72.33 
108   43.97 (0.50)  43.48 (0.20)  98.64 ( 0.14)  92.81 ( 2.11) -0.84 (0.05) poly.3 100.00 
109   43.27 (0.50)  43.17 (0.17)  90.97 ( 0.45)  90.90 ( 0.84) -0.58 (0.02) poly.2  57.39 
110   46.67 (0.50)  47.17 (0.20)  98.85 ( 0.11)  99.56 ( 0.19) -1.21 (0.06) poly.3  57.14 
111   11.42 (0.32)  11.45 (0.14)  99.87 ( 0.02) 100.00 ( 0.00) -1.24 (0.07) poly.3  98.55 
112   60.31 (0.49)  60.54 (0.19)  99.62 ( 0.04)  99.07 ( 0.37) -1.39 (0.04) poly.3  93.94 
113   41.56 (0.49)  41.24 (0.20)  93.42 ( 0.50)  84.05 ( 3.61) -0.52 (0.04) poly.3  99.98 
114   74.16 (0.44)  73.59 (0.16)  99.91 ( 0.01)  99.91 ( 0.02) -1.87 (0.03) poly.2  55.74 
115   45.43 (0.50)  46.33 (0.19)  98.63 ( 0.11)  98.84 ( 0.26) -1.08 (0.04) poly.2  44.40 
116   25.45 (0.44)  25.54 (0.16)  99.67 ( 0.03)  99.64 ( 0.08) -1.02 (0.02) poly.2  55.46 
117   25.33 (0.43)  25.18 (0.18)  93.36 ( 0.55)  78.64 ( 4.89) -0.24 (0.05) poly.3 100.00 
118   25.32 (0.43)  25.87 (0.17)  95.28 ( 0.36)  96.31 ( 0.88) -0.55 (0.05) poly.2  34.58 
119   76.99 (0.42)  77.78 (0.15)  99.88 ( 0.01)  99.88 ( 0.02) -1.90 (0.02) poly.2  56.62 
120   18.07 (0.38)  18.39 (0.16)  97.03 ( 0.31)  87.18 ( 4.02) -0.30 (0.06) poly.3 100.00 
121   48.54 (0.50)  49.17 (0.20)  94.92 ( 0.39)  97.75 ( 0.83) -0.94 (0.07) poly.3  49.99 
122    8.38 (0.28)   8.19 (0.11)  84.40 ( 1.31)  98.30 ( 0.88) -0.09 (0.06) poly.3  98.73 
123   10.04 (0.30)  10.27 (0.13)  99.64 ( 0.06) 100.00 ( 0.00) -1.07 (0.07) poly.3  98.70 
124   61.13 (0.49)  61.30 (0.19)  98.92 ( 0.11)  99.71 ( 0.14) -1.45 (0.07) poly.3  58.45 
125   14.59 (0.35)  14.36 (0.14)  96.28 ( 0.38)  99.91 ( 0.06) -0.69 (0.06) poly.3  99.81 
126   18.89 (0.39)  18.84 (0.17)  98.90 ( 0.13)  93.96 ( 2.37) -0.52 (0.06) poly.3 100.00 
127   57.49 (0.49)  57.04 (0.18)  99.61 ( 0.03)  99.57 ( 0.09) -1.41 (0.02) poly.2  50.81 
128   28.55 (0.45)  28.27 (0.18)  91.23 ( 0.65)  98.69 ( 0.52) -0.61 (0.05) poly.3  99.17 
129   54.30 (0.50)  54.90 (0.18)  92.72 ( 0.45)  91.05 ( 1.57) -0.76 (0.03) poly.3  54.05 
130   25.35 (0.44)  25.40 (0.15)  96.43 ( 0.25)  96.39 ( 0.47) -0.57 (0.02) poly.2  57.38 
131   30.45 (0.46)  30.58 (0.16)  97.44 ( 0.19)  97.19 ( 0.48) -0.71 (0.02) poly.2  51.42 
132   44.56 (0.50)  44.11 (0.20)  92.70 ( 0.54)  79.95 ( 4.12) -0.50 (0.04) poly.3 100.00 
133   62.98 (0.48)  62.91 (0.17)  98.07 ( 0.15)  97.71 ( 0.46) -1.18 (0.03) poly.2  43.65 
134   10.98 (0.31)  10.96 (0.12)  97.69 ( 0.26)  96.00 ( 1.54) -0.33 (0.05) poly.3  60.18 
135   28.58 (0.45)  28.06 (0.19)  99.46 ( 0.06)  99.97 ( 0.02) -1.23 (0.06) poly.3  89.22 
136   44.41 (0.50)  44.60 (0.19)  88.49 ( 0.72)  82.70 ( 3.41) -0.47 (0.04) poly.3  87.48 
137   91.90 (0.27)  92.12 (0.10)  98.97 ( 0.16)  92.63 ( 2.65) -1.65 (0.06) poly.3 100.00 
138   26.72 (0.44)  26.92 (0.18)  95.15 ( 0.41)  99.48 ( 0.24) -0.76 (0.05) poly.3  97.13 
139   17.91 (0.38)  17.51 (0.14)  95.74 ( 0.34)  94.87 ( 1.12) -0.37 (0.03) poly.2  44.40 
140   36.06 (0.48)  35.53 (0.19)  99.86 ( 0.02)  99.91 ( 0.03) -1.36 (0.05) poly.3  42.91 
141   36.01 (0.48)  36.20 (0.19)  96.23 ( 0.29)  97.30 ( 0.71) -0.76 (0.05) poly.3  39.70 
142   40.89 (0.49)  40.53 (0.17)  93.11 ( 0.39)  92.55 ( 0.98) -0.61 (0.02) poly.2  50.05 
143   44.63 (0.50)  45.41 (0.19)  99.64 ( 0.04)  99.76 ( 0.08) -1.33 (0.05) poly.3  39.24 
144   27.77 (0.45)  27.67 (0.18)  94.45 ( 0.46)  88.69 ( 3.07) -0.41 (0.05) poly.3  96.46 
145    4.79 (0.21)   4.99 (0.09)  90.52 ( 0.99)  94.10 ( 2.14)  0.08 (0.08) poly.3  39.68 
146   33.66 (0.47)  33.20 (0.17)  93.45 ( 0.39)  92.94 ( 0.95) -0.53 (0.02) poly.2  51.07 
147   12.90 (0.34)  12.75 (0.13)  95.15 ( 0.48)  90.23 ( 3.30) -0.17 (0.05) poly.3  83.77 
148   10.47 (0.31)  10.68 (0.12)  99.74 ( 0.04)  99.78 ( 0.08) -0.79 (0.05) poly.2  54.26 
149   17.45 (0.38)  17.59 (0.15)  78.25 ( 1.15)  92.49 ( 2.42) -0.26 (0.15) sing.3  65.76 
150   16.78 (0.37)  16.27 (0.14)  82.64 ( 1.06)  95.84 ( 1.44) -0.31 (0.11) poly.3  62.82 
151    9.93 (0.30)   9.98 (0.11)  96.89 ( 0.32)  95.73 ( 1.34) -0.26 (0.04) poly.3  44.05 
152   36.04 (0.48)  36.03 (0.19)  92.31 ( 0.57)  84.07 ( 3.67) -0.43 (0.05) poly.3  99.46 
153   44.14 (0.50)  43.51 (0.20)  96.33 ( 0.32)  86.99 ( 3.17) -0.65 (0.05) poly.3 100.00 
154   54.91 (0.50)  54.65 (0.18)  97.19 ( 0.21)  96.34 ( 0.82) -0.99 (0.03) poly.3  54.36 
155   24.11 (0.43)  23.93 (0.15)  90.96 ( 0.51)  90.77 ( 1.01) -0.31 (0.02) poly.2  56.67 
156   29.30 (0.46)  29.64 (0.19)  99.17 ( 0.09)  99.59 ( 0.17) -1.01 (0.06) poly.3  53.17 
157    9.21 (0.29)   8.90 (0.11)  83.87 ( 1.25)  91.33 ( 3.08)  0.06 (0.08) poly.3  56.16 
158    8.87 (0.28)   8.86 (0.11)  97.56 ( 0.28)  96.20 ( 1.43) -0.27 (0.05) poly.3  49.95 
159   36.20 (0.48)  36.00 (0.17)  99.02 ( 0.09)  98.79 ( 0.29) -0.97 (0.03) poly.2  44.24 
160   50.64 (0.50)  50.24 (0.18)  98.48 ( 0.12)  98.11 ( 0.43) -1.07 (0.03) poly.3  44.70 
161   43.20 (0.50)  43.30 (0.17)  90.28 ( 0.48)  90.07 ( 0.94) -0.56 (0.02) poly.2  56.35 
162   20.31 (0.40)  20.31 (0.14)  78.76 ( 0.96)  77.52 ( 2.22)  0.03 (0.03) poly.2  50.68 
163   63.67 (0.48)  63.35 (0.19)  98.79 ( 0.13)  93.91 ( 1.78) -1.12 (0.05) poly.3 100.00 
164   31.91 (0.47)  31.63 (0.19)  92.06 ( 0.56)  95.25 ( 1.43) -0.55 (0.06) poly.3  45.80 
165    3.41 (0.18)   3.36 (0.08)  94.62 ( 0.81)  81.86 ( 8.66)  0.28 (0.09) poly.3  87.58 
166   40.65 (0.49)  40.20 (0.18)  94.34 ( 0.37)  94.93 ( 0.90) -0.69 (0.03) poly.2  47.65 
167   60.73 (0.49)  60.32 (0.19)  89.01 ( 0.74)  70.36 ( 4.95) -0.57 (0.04) poly.3 100.00 
168   67.00 (0.47)  66.32 (0.17)  98.74 ( 0.10)  98.56 ( 0.28) -1.32 (0.02) poly.2  48.19 
169   86.04 (0.35)  86.21 (0.13)  97.26 ( 0.31)  93.68 ( 2.06) -1.41 (0.05) poly.3  97.58 
170   12.71 (0.33)  12.23 (0.14)  99.44 ( 0.08)  99.97 ( 0.03) -0.93 (0.07) poly.3  85.18 
171   41.86 (0.49)  42.05 (0.20)  93.18 ( 0.52)  81.82 ( 3.92) -0.50 (0.04) poly.3 100.00 
172   22.79 (0.42)  22.62 (0.15)  98.10 ( 0.17)  97.64 ( 0.59) -0.64 (0.03) poly.2  43.79 
173    5.65 (0.23)   5.51 (0.08)  93.56 ( 0.64)  93.41 ( 1.27)  0.04 (0.04) poly.2  57.27 
174   29.68 (0.46)  30.24 (0.18)  94.29 ( 0.46)  88.58 ( 3.02) -0.44 (0.05) poly.3  96.58 
175   24.17 (0.43)  23.81 (0.17)  90.58 ( 0.67)  94.63 ( 1.70) -0.40 (0.07) poly.3  48.20 
176   34.39 (0.48)  34.79 (0.19)  94.65 ( 0.41)  97.13 ( 0.96) -0.71 (0.06) poly.3  52.23 
177   15.97 (0.37)  16.38 (0.15)  99.20 ( 0.10)  97.64 ( 1.11) -0.61 (0.06) poly.3  89.35 
178   83.50 (0.37)  83.67 (0.14)  99.78 ( 0.03)  98.58 ( 0.59) -1.75 (0.05) poly.3 100.00 
179    9.38 (0.29)   9.55 (0.11)  98.79 ( 0.15)  98.13 ( 0.77) -0.44 (0.04) poly.3  45.35 
180   37.80 (0.48)  37.84 (0.19)  96.16 ( 0.33)  91.67 ( 2.32) -0.63 (0.05) poly.3  98.13 
181   27.64 (0.45)  27.84 (0.18)  89.93 ( 0.71)  95.76 ( 1.46) -0.48 (0.06) poly.3  72.68 
182   22.25 (0.42)  22.17 (0.14)  91.29 ( 0.52)  90.86 ( 1.13) -0.29 (0.02) poly.2  54.25 
183   76.72 (0.42)  76.67 (0.15)  99.86 ( 0.01)  99.86 ( 0.02) -1.86 (0.02) poly.2  57.58 
184    4.86 (0.22)   4.81 (0.08)  83.75 ( 1.50)  74.12 ( 7.00)  0.42 (0.06) poly.3  68.95 
185   33.43 (0.47)  33.10 (0.19)  93.52 ( 0.51)  75.66 ( 4.92) -0.33 (0.05) poly.3 100.00 
186   23.90 (0.43)  23.67 (0.16)  99.12 ( 0.09)  98.82 ( 0.36) -0.81 (0.03) poly.3  43.43 
187   22.07 (0.41)  22.79 (0.17)  87.04 ( 0.91)  73.34 ( 5.48) -0.07 (0.05) poly.3  99.75 
188   30.55 (0.46)  30.88 (0.18)  85.91 ( 0.82)  81.05 ( 3.38) -0.24 (0.04) poly.3  72.90 
189   11.02 (0.31)  10.90 (0.12)  68.22 ( 1.59)  73.76 ( 4.76)  0.32 (0.06) poly.3  34.43 
190   36.25 (0.48)  35.75 (0.19)  92.09 ( 0.59)  82.52 ( 3.92) -0.40 (0.05) poly.3  99.87 
191   18.82 (0.39)  18.99 (0.16)  81.07 ( 1.21)  66.16 ( 6.28)  0.11 (0.05) poly.3  98.96 
192    5.86 (0.23)   5.87 (0.10)  95.92 ( 0.55)  77.43 ( 8.78)  0.16 (0.08) poly.3  99.88 
193   37.92 (0.49)  37.17 (0.18)  94.04 ( 0.43)  91.15 ( 2.06) -0.57 (0.04) poly.3  75.21 
194   39.96 (0.49)  40.46 (0.19)  95.70 ( 0.35)  99.33 ( 0.27) -0.98 (0.07) poly.3  85.31 
195   70.39 (0.46)  70.31 (0.18)  99.45 ( 0.06)  99.67 ( 0.12) -1.60 (0.05) poly.3  43.50 
196   32.03 (0.47)  31.63 (0.19)  93.75 ( 0.49)  88.05 ( 3.06) -0.44 (0.05) poly.3  95.69 
197   14.94 (0.36)  14.81 (0.14)  99.62 ( 0.05)  99.77 ( 0.09) -0.87 (0.06) poly.3  35.76 
198   60.92 (0.49)  61.03 (0.18)  95.49 ( 0.30)  94.71 ( 0.92) -0.97 (0.03) poly.3  43.16 
199   47.16 (0.50)  46.76 (0.20)  99.08 ( 0.10)  93.63 ( 1.91) -0.93 (0.05) poly.3 100.00 
200   12.05 (0.33)  12.49 (0.13)  99.35 ( 0.09)  98.59 ( 0.70) -0.61 (0.05) poly.3  65.39 
201   47.74 (0.50)  48.40 (0.20)  90.74 ( 0.64)  65.04 ( 5.38) -0.41 (0.04) poly.3 100.00 
202   35.36 (0.48)  35.53 (0.19)  93.42 ( 0.51)  80.77 ( 4.20) -0.41 (0.05) poly.3 100.00 
203   87.22 (0.33)  87.61 (0.13)  99.15 ( 0.12)  97.30 ( 1.07) -1.66 (0.05) poly.3  99.49 
204    6.76 (0.25)   6.99 (0.10)  69.12 ( 1.72)  72.99 ( 4.80)  0.45 (0.06) poly.2  43.25 
205   48.17 (0.50)  48.12 (0.19)  99.69 ( 0.03)  99.51 ( 0.17) -1.31 (0.03) poly.3  58.28 
206   17.16 (0.38)  17.25 (0.14)  97.46 ( 0.23)  97.80 ( 0.54) -0.52 (0.04) poly.2  49.64 
207   11.94 (0.32)  11.98 (0.12)  96.48 ( 0.33)  96.75 ( 0.80) -0.33 (0.04) poly.2  54.89 
208    7.61 (0.27)   7.21 (0.10)  96.63 ( 0.39)  95.12 ( 1.72) -0.15 (0.05) poly.3  44.90 
209   48.35 (0.50)  48.40 (0.19)  99.80 ( 0.02)  99.72 ( 0.10) -1.40 (0.03) poly.3  50.10 
210   76.47 (0.42)  76.50 (0.16)  99.69 ( 0.04)  99.29 ( 0.29) -1.66 (0.04) poly.3  88.90 
211   26.88 (0.44)  26.87 (0.18)  96.26 ( 0.33)  92.78 ( 2.16) -0.51 (0.05) poly.3  89.43 
212   36.13 (0.48)  36.04 (0.17)  98.46 ( 0.12)  98.44 ( 0.22) -0.90 (0.02) poly.2  57.33 
213   30.20 (0.46)  30.51 (0.16)  98.49 ( 0.12)  98.42 ( 0.26) -0.83 (0.02) poly.2  55.61 
214   78.53 (0.41)  78.33 (0.16)  97.35 ( 0.27)  94.28 ( 1.75) -1.27 (0.05) poly.3  97.11 
215    3.66 (0.19)   3.60 (0.08)  97.92 ( 0.38)  80.38 (10.41)  0.18 (0.10) poly.3  99.49 
216   14.58 (0.35)  13.77 (0.15)  98.72 ( 0.16)  92.29 ( 3.19) -0.37 (0.06) poly.3  99.98 
217   40.89 (0.49)  40.60 (0.20)  92.08 ( 0.58)  75.08 ( 4.73) -0.40 (0.04) poly.3 100.00 
218   44.93 (0.50)  43.68 (0.20)  90.52 ( 0.66)  73.41 ( 4.81) -0.40 (0.04) poly.3 100.00 
219   14.38 (0.35)  13.95 (0.13)  88.47 ( 0.81)  90.72 ( 2.08) -0.10 (0.05) poly.2  36.40 
220   21.96 (0.41)  22.31 (0.14)  89.90 ( 0.57)  89.53 ( 1.19) -0.25 (0.02) poly.2  55.23 
221   55.41 (0.50)  55.26 (0.18)  99.57 ( 0.04)  99.59 ( 0.10) -1.38 (0.03) poly.2  56.71 
222   26.30 (0.44)  26.59 (0.18)  87.37 ( 0.87)  73.25 ( 5.29) -0.13 (0.05) poly.3  99.93 
223   60.04 (0.49)  60.37 (0.20)  99.94 ( 0.01)  99.98 ( 0.01) -1.86 (0.06) poly.3  58.66 
224   16.32 (0.37)  16.23 (0.13)  92.97 ( 0.48)  92.70 ( 1.00) -0.24 (0.03) poly.2  55.77 
225    9.91 (0.30)   9.66 (0.11)  98.59 ( 0.16)  98.35 ( 0.48) -0.43 (0.03) poly.2  52.10 
226   21.06 (0.41)  20.59 (0.17)  95.51 ( 0.42)  77.30 ( 5.53) -0.20 (0.05) poly.3 100.00 
227    0.88 (0.09)   0.94 (0.04)  88.69 ( 2.25)  50.49 (20.43)  0.86 (0.15) poly.3  90.67 
228   31.13 (0.46)  31.05 (0.20)  99.92 ( 0.01)  99.99 ( 0.01) -1.49 (0.07) poly.3  57.50 
229   69.50 (0.46)  69.76 (0.18)  96.28 ( 0.33)  87.17 ( 3.09) -0.99 (0.05) poly.3 100.00 
230   34.65 (0.48)  34.72 (0.19)  99.17 ( 0.09)  99.76 ( 0.12) -1.13 (0.06) poly.3  71.42 
231   33.80 (0.47)  34.13 (0.19)  87.65 ( 0.82)  71.95 ( 5.12) -0.23 (0.05) poly.3 100.00 
232   28.41 (0.45)  28.34 (0.17)  86.17 ( 0.76)  83.38 ( 2.56) -0.23 (0.03) poly.3  53.16 
233   69.44 (0.46)  69.34 (0.18)  91.16 ( 0.65)  78.64 ( 4.25) -0.79 (0.04) poly.3 100.00 
234   19.78 (0.40)  19.59 (0.14)  94.88 ( 0.39)  93.70 ( 1.35) -0.37 (0.03) poly.3  43.74 
235    6.21 (0.24)   6.09 (0.10)  86.17 ( 1.28)  97.94 ( 1.16) -0.06 (0.10) poly.3  82.05 
236    1.18 (0.11)   1.27 (0.04)  96.36 ( 0.76)  96.80 ( 1.67)  0.20 (0.09) poly.2  56.10 
237    9.43 (0.29)   9.94 (0.11)  97.39 ( 0.26)  97.14 ( 0.65) -0.32 (0.03) poly.2  54.43 
238   23.40 (0.42)  23.53 (0.16)  99.43 ( 0.06)  99.50 ( 0.14) -0.92 (0.04) poly.2  52.89 
239    6.98 (0.25)   7.30 (0.11)  94.83 ( 0.58)  98.60 ( 0.83) -0.29 (0.10) poly.3  49.20 
240   36.59 (0.48)  36.79 (0.20)  99.08 ( 0.10)  96.00 ( 1.38) -0.86 (0.05) poly.3 100.00 
241   55.45 (0.50)  55.56 (0.18)  99.09 ( 0.07)  99.02 ( 0.17) -1.24 (0.02) poly.2  53.03 
242    6.30 (0.24)   6.45 (0.12)  99.80 ( 0.04)  89.54 ( 6.45) -0.27 (0.10) poly.3 100.00 
243   42.60 (0.49)  42.30 (0.17)  98.79 ( 0.09)  98.77 ( 0.18) -1.03 (0.02) poly.2  57.32 
244   32.18 (0.47)  32.36 (0.16)  74.99 ( 0.92)  74.33 ( 1.87) -0.10 (0.02) poly.2  54.56 
245    4.41 (0.21)   4.40 (0.09)  98.02 ( 0.31)  99.60 ( 0.28) -0.38 (0.11) poly.3  55.89 
246   26.46 (0.44)  27.31 (0.16)  89.54 ( 0.60)  90.12 ( 1.53) -0.34 (0.03) poly.2  53.80 
247   59.43 (0.49)  59.13 (0.19)  90.79 ( 0.63)  85.48 ( 3.07) -0.71 (0.04) poly.3  90.35 
248   52.08 (0.50)  51.81 (0.20)  99.11 ( 0.09)  96.43 ( 1.18) -1.07 (0.05) poly.3 100.00 
249   12.34 (0.33)  12.19 (0.13)  93.29 ( 0.64)  86.40 ( 4.26) -0.07 (0.06) poly.3  88.23 
250    9.03 (0.29)   8.47 (0.11)  93.93 ( 0.63)  89.00 ( 3.76) -0.01 (0.06) poly.3  71.64 
251   19.73 (0.40)  19.68 (0.17)  99.45 ( 0.07)  98.05 ( 0.93) -0.73 (0.06) poly.3  96.08 
252   79.04 (0.41)  79.24 (0.15)  99.96 ( 0.01)  99.94 ( 0.02) -2.06 (0.03) poly.2  42.90 
253   35.03 (0.48)  34.43 (0.19)  93.96 ( 0.48)  88.15 ( 3.01) -0.48 (0.05) poly.3  97.08 
254   15.32 (0.36)  15.42 (0.13)  89.04 ( 0.73)  89.98 ( 1.82) -0.12 (0.04) poly.2  51.21 
255   48.02 (0.50)  47.66 (0.20)  91.33 ( 0.61)  76.42 ( 4.47) -0.49 (0.04) poly.3 100.00 
256    7.67 (0.27)   7.70 (0.10)  94.18 ( 0.55)  93.04 ( 1.72) -0.05 (0.04) poly.2  48.05 
257   25.08 (0.43)  25.22 (0.18)  98.20 ( 0.18)  99.74 ( 0.14) -0.92 (0.07) poly.3  76.64 
258   12.44 (0.33)  12.13 (0.11)  94.05 ( 0.46)  94.07 ( 0.84) -0.20 (0.03) poly.2  57.60 
259    6.91 (0.25)   6.64 (0.11)  99.09 ( 0.14)  99.69 ( 0.17) -0.56 (0.09) poly.3  53.53 
260   40.38 (0.49)  40.31 (0.20)  92.22 ( 0.57)  74.10 ( 4.84) -0.39 (0.05) poly.3 100.00 
261   45.75 (0.50)  46.14 (0.20)  99.38 ( 0.07)  99.88 ( 0.06) -1.37 (0.06) poly.3  69.09 
262   35.50 (0.48)  34.44 (0.19)  94.36 ( 0.46)  84.25 ( 3.74) -0.45 (0.05) poly.3 100.00 
263   36.06 (0.48)  36.18 (0.19)  99.72 ( 0.03)  99.46 ( 0.22) -1.16 (0.04) poly.3  71.50 
264    7.42 (0.26)   7.54 (0.11)  96.50 ( 0.42)  98.61 ( 0.70) -0.33 (0.09) sing.3  48.99 
265   15.74 (0.36)  15.32 (0.15)  98.82 ( 0.15)  92.84 ( 2.92) -0.42 (0.06) poly.3  99.99 
266   53.65 (0.50)  53.59 (0.20)  97.22 ( 0.25)  89.06 ( 2.74) -0.83 (0.04) poly.3 100.00 
267    7.25 (0.26)   7.13 (0.10)  85.01 ( 1.29)  94.69 ( 2.49)  0.03 (0.09) poly.3  64.91 
268    4.98 (0.22)   5.17 (0.09)  98.29 ( 0.26)  96.52 ( 1.85) -0.18 (0.06) poly.3  54.26 
269   25.12 (0.43)  24.92 (0.16)  98.19 ( 0.15)  97.87 ( 0.47) -0.69 (0.03) poly.2  47.51 
270    4.31 (0.20)   4.21 (0.07)  85.54 ( 1.29)  83.24 ( 3.57)  0.35 (0.04) poly.2  48.75 
271   13.78 (0.34)  13.73 (0.14)  98.60 ( 0.16)  99.04 ( 0.32) -0.60 (0.06) poly.3  35.25 
272   48.06 (0.50)  47.82 (0.18)  92.90 ( 0.44)  91.20 ( 1.58) -0.68 (0.03) poly.3  54.54 
273   28.19 (0.45)  28.09 (0.16)  99.20 ( 0.08)  98.98 ( 0.28) -0.90 (0.03) poly.2  44.14 
274   28.93 (0.45)  28.76 (0.17)  91.21 ( 0.53)  91.83 ( 1.32) -0.41 (0.03) poly.2  52.02 
275   18.03 (0.38)  17.30 (0.16)  92.46 ( 0.66)  61.03 ( 7.35)  0.04 (0.06) poly.3 100.00 
276   37.40 (0.48)  36.94 (0.17)  93.64 ( 0.38)  93.11 ( 0.93) -0.59 (0.02) poly.2  50.40 
277   28.64 (0.45)  27.99 (0.19)  99.06 ( 0.10)  99.86 ( 0.08) -1.08 (0.07) poly.3  71.99 
278    6.05 (0.24)   5.89 (0.09)  97.75 ( 0.29)  98.24 ( 0.61) -0.26 (0.06) poly.2  46.82 
279   63.06 (0.48)  62.33 (0.19)  99.51 ( 0.06)  99.91 ( 0.05) -1.62 (0.06) poly.3  73.32 
280   12.12 (0.33)  11.96 (0.11)  93.36 ( 0.52)  92.71 ( 1.30) -0.15 (0.03) poly.2  51.95 
281   31.04 (0.46)  29.88 (0.17)  93.49 ( 0.45)  91.41 ( 1.80) -0.46 (0.03) poly.3  58.80 
282   46.19 (0.50)  46.29 (0.19)  98.58 ( 0.13)  99.02 ( 0.28) -1.10 (0.05) poly.3  39.95 
283   11.44 (0.32)  11.62 (0.12)  97.38 ( 0.27)  97.75 ( 0.61) -0.39 (0.05) poly.2  50.01 
284    3.22 (0.18)   3.16 (0.07)  96.89 ( 0.52)  99.99 ( 0.02) -0.45 (0.09) poly.3  99.82 
285   57.21 (0.49)  56.74 (0.19)  96.77 ( 0.28)  90.94 ( 2.37) -0.88 (0.04) poly.3 100.00 
286   28.52 (0.45)  28.55 (0.17)  95.84 ( 0.32)  94.44 ( 1.30) -0.55 (0.03) poly.3  55.68 
287   35.83 (0.48)  36.01 (0.17)  78.89 ( 0.81)  78.78 ( 1.49) -0.22 (0.02) poly.2  57.47 
288   62.52 (0.48)  62.44 (0.17)  99.82 ( 0.02)  99.81 ( 0.04) -1.61 (0.02) poly.2  55.57 
289    1.35 (0.12)   1.47 (0.05)  96.01 ( 0.87)  69.55 (17.49)  0.51 (0.13) poly.3  93.73 
290   34.84 (0.48)  34.74 (0.19)  81.12 ( 1.05)  93.95 ( 1.70) -0.43 (0.05) poly.3  95.87 
291   20.11 (0.40)  19.79 (0.15)  92.64 ( 0.56)  89.40 ( 2.54) -0.25 (0.04) poly.3  66.31 
292   50.20 (0.50)  49.90 (0.20)  94.18 ( 0.45)  88.42 ( 2.81) -0.69 (0.04) poly.3  98.66 
293    4.46 (0.21)   4.43 (0.08)  89.71 ( 1.15)  79.99 ( 6.96)  0.32 (0.07) poly.3  74.31 
294    3.16 (0.17)   3.25 (0.09)  99.98 ( 0.01)  96.78 ( 3.81) -0.44 (0.13) poly.3  99.17 
295   16.34 (0.37)  16.65 (0.13)  81.20 ( 0.91)  81.03 ( 1.70)  0.04 (0.02) poly.2  57.36 
296    1.96 (0.14)   2.22 (0.06)  92.40 ( 1.09)  95.04 ( 2.01)  0.21 (0.10) poly.2  36.86 
297   41.76 (0.49)  42.34 (0.18)  80.73 ( 0.83)  78.98 ( 2.18) -0.32 (0.03) poly.2  44.21 
298   31.88 (0.47)  31.94 (0.19)  99.68 ( 0.04)  99.84 ( 0.07) -1.21 (0.06) sing.3  44.24 
299   37.07 (0.48)  37.40 (0.19)  97.84 ( 0.19)  98.60 ( 0.42) -0.91 (0.05) poly.3  42.34 
300   38.11 (0.49)  38.46 (0.18)  94.48 ( 0.36)  95.16 ( 0.90) -0.67 (0.04) poly.2  45.09 
301   13.92 (0.35)  14.39 (0.13)  94.72 ( 0.44)  95.58 ( 1.06) -0.31 (0.05) poly.2  44.78 
302   49.31 (0.50)  48.58 (0.20)  99.62 ( 0.04)  99.91 ( 0.05) -1.46 (0.06) poly.3  71.93 
303   34.61 (0.48)  34.75 (0.19)  91.48 ( 0.62)  80.10 ( 4.27) -0.36 (0.05) poly.3  99.98 
304   15.70 (0.36)  15.72 (0.14)  99.68 ( 0.04)  99.42 ( 0.28) -0.82 (0.04) poly.3  54.18 
305    9.84 (0.30)   9.78 (0.11)  97.67 ( 0.24)  97.49 ( 0.57) -0.34 (0.03) poly.2  55.32 
306    5.53 (0.23)   5.82 (0.10)  95.02 ( 0.65)  80.40 ( 7.82)  0.16 (0.08) poly.3  98.63 
307    8.82 (0.28)   8.94 (0.12)  99.29 ( 0.11)  97.53 ( 1.43) -0.44 (0.06) poly.3  82.65 
308   44.70 (0.50)  44.43 (0.20)  96.40 ( 0.31)  83.59 ( 3.71) -0.62 (0.05) poly.3 100.00 
309   47.15 (0.50)  46.90 (0.20)  94.57 ( 0.43)  82.52 ( 3.78) -0.60 (0.04) poly.3 100.00 
310   34.43 (0.48)  33.89 (0.19)  78.05 ( 1.18)  54.47 ( 5.95) -0.01 (0.05) poly.3 100.00 
311   15.41 (0.36)  15.33 (0.13)  85.60 ( 0.81)  84.83 ( 1.80) -0.01 (0.03) poly.2  53.39 
312    6.65 (0.25)   6.44 (0.10)  77.30 ( 1.83)  53.53 ( 9.64)  0.55 (0.07) poly.3  98.83 
313   62.08 (0.49)  61.97 (0.18)  97.69 ( 0.20)  96.42 ( 0.98) -1.11 (0.04) poly.3  73.44 
314   27.39 (0.45)  27.75 (0.18)  96.74 ( 0.30)  99.70 ( 0.15) -0.87 (0.05) poly.3  95.46 
315   32.26 (0.47)  32.54 (0.17)  97.30 ( 0.21)  96.55 ( 0.79) -0.71 (0.03) poly.3  47.94 
316   10.72 (0.31)  10.87 (0.12)  90.46 ( 0.83)  83.60 ( 4.59)  0.04 (0.05) poly.3  79.20 
317   38.88 (0.49)  38.61 (0.17)  98.57 ( 0.11)  98.39 ( 0.31) -0.94 (0.02) poly.2  49.82 
318   21.95 (0.41)  21.72 (0.17)  96.66 ( 0.33)  85.94 ( 4.03) -0.34 (0.05) poly.3 100.00 
319   23.60 (0.42)  23.65 (0.15)  92.03 ( 0.48)  91.58 ( 1.08) -0.34 (0.02) poly.2  53.51 
320   46.73 (0.50)  46.88 (0.20)  98.69 ( 0.13)  94.70 ( 1.63) -0.92 (0.05) poly.3 100.00 
321    6.35 (0.24)   6.64 (0.11)  94.84 ( 0.65)  70.47 ( 9.55)  0.21 (0.08) poly.3 100.00 
322   16.13 (0.37)  16.08 (0.14)  99.39 ( 0.07)  98.96 ( 0.44) -0.72 (0.04) poly.3  54.43 
323   29.95 (0.46)  29.21 (0.18)  99.18 ( 0.08)  99.49 ( 0.17) -0.98 (0.05) poly.3  41.27 
324   16.69 (0.37)  16.18 (0.15)  98.43 ( 0.18)  95.67 ( 1.80) -0.48 (0.06) poly.3  92.32 
325   29.13 (0.45)  28.79 (0.18)  81.40 ( 1.10)  62.15 ( 5.93) -0.02 (0.05) poly.3 100.00 
326    0.90 (0.09)   0.85 (0.04)  99.64 ( 0.15)  63.08 (29.05)  0.43 (0.19) poly.3  98.12 
327   41.56 (0.49)  42.29 (0.20)  97.00 ( 0.27)  92.55 ( 2.12) -0.73 (0.05) poly.3  99.62 
328   19.56 (0.40)  18.66 (0.14)  99.33 ( 0.07)  99.19 ( 0.23) -0.78 (0.03) poly.2  49.03 
329   17.29 (0.38)  17.47 (0.16)  96.94 ( 0.31)  99.72 ( 0.16) -0.72 (0.07) poly.3  89.29 
330   54.27 (0.50)  54.49 (0.19)  98.58 ( 0.13)  99.14 ( 0.28) -1.22 (0.05) poly.3  45.07 
331   55.45 (0.50)  55.54 (0.19)  95.35 ( 0.38)  90.65 ( 2.39) -0.82 (0.04) poly.3  98.22 
332   34.51 (0.48)  34.09 (0.19)  93.69 ( 0.50)  75.28 ( 4.94) -0.35 (0.05) poly.3 100.00 
333   12.57 (0.33)  12.66 (0.14)  99.00 ( 0.13)  96.36 ( 1.78) -0.46 (0.06) poly.3  94.44 
334   18.71 (0.39)  18.93 (0.14)  99.86 ( 0.02)  99.86 ( 0.04) -1.06 (0.03) poly.2  57.13 
335   14.66 (0.35)  14.56 (0.12)  62.75 ( 1.32)  61.58 ( 2.72)  0.37 (0.03) poly.2  53.29 
336   35.54 (0.48)  36.05 (0.19)  94.56 ( 0.44)  79.57 ( 4.39) -0.43 (0.05) poly.3 100.00 
337   17.15 (0.38)  16.69 (0.14)  88.55 ( 0.80)  84.30 ( 3.33) -0.07 (0.04) poly.3  64.49 
338   18.78 (0.39)  18.35 (0.14)  95.14 ( 0.36)  94.78 ( 0.84) -0.37 (0.03) poly.2  53.37 
339    3.67 (0.19)   3.72 (0.07)  97.40 ( 0.39)  96.44 ( 1.51) -0.05 (0.05) poly.2  48.50 
340    1.53 (0.12)   1.47 (0.04)  97.52 ( 0.53)  96.69 ( 1.89)  0.13 (0.07) poly.2  53.13 
341   22.32 (0.42)  22.87 (0.16)  84.75 ( 0.93)  78.78 ( 3.98) -0.09 (0.04) poly.3  75.82 
342   18.23 (0.39)  18.39 (0.17)  99.76 ( 0.03)  98.05 ( 1.01) -0.77 (0.06) poly.3  99.95 
343   44.54 (0.50)  44.52 (0.20)  99.58 ( 0.05)  98.85 ( 0.46) -1.16 (0.05) poly.3  95.90 
344   23.75 (0.43)  23.19 (0.18)  98.48 ( 0.17)  83.80 ( 4.57) -0.42 (0.05) poly.3 100.00 
345   12.14 (0.33)  11.99 (0.12)  66.36 ( 1.43)  63.55 ( 3.56)  0.39 (0.03) poly.2  45.10 
346    4.88 (0.22)   5.10 (0.10)  95.71 ( 0.60)  76.73 ( 9.38)  0.21 (0.09) poly.3  99.74 
347   25.93 (0.44)  25.70 (0.17)  87.82 ( 0.84)  77.43 ( 4.81) -0.15 (0.05) poly.3  98.31 
348    5.03 (0.22)   5.15 (0.08)  84.31 ( 1.34)  87.85 ( 3.31)  0.26 (0.07) poly.2  38.02 
349   41.39 (0.49)  42.13 (0.17)  90.61 ( 0.47)  90.49 ( 0.88) -0.56 (0.02) poly.2  57.13 
350   14.75 (0.35)  15.13 (0.15)  94.79 ( 0.48)  98.89 ( 0.57) -0.51 (0.08) poly.3  66.75 
351   39.69 (0.49)  39.27 (0.19)  89.66 ( 0.71)  77.15 ( 4.49) -0.37 (0.04) poly.3  99.99 
352   27.57 (0.45)  27.19 (0.18)  98.99 ( 0.11)  97.39 ( 1.02) -0.77 (0.05) poly.3  93.68 
353   27.84 (0.45)  27.95 (0.18)  96.04 ( 0.34)  98.11 ( 0.72) -0.70 (0.07) poly.3  47.49 
354    6.57 (0.25)   6.63 (0.09)  83.11 ( 1.16)  82.22 ( 2.52)  0.28 (0.03) poly.2  54.63 
355   26.43 (0.44)  26.81 (0.18)  87.29 ( 0.87)  72.97 ( 5.31) -0.13 (0.05) poly.3  99.94 
356   30.75 (0.46)  31.19 (0.18)  99.49 ( 0.05)  99.19 ( 0.29) -1.01 (0.03) poly.3  57.58 
357    9.44 (0.29)   9.39 (0.10)  99.42 ( 0.08)  99.39 ( 0.16) -0.60 (0.03) poly.2  57.13 
358    2.73 (0.16)   2.75 (0.06)  98.34 ( 0.30)  98.79 ( 0.54) -0.15 (0.08) poly.2  47.71 
359   30.78 (0.46)  30.39 (0.19)  96.46 ( 0.32)  78.79 ( 4.78) -0.39 (0.05) poly.3 100.00 
360   11.24 (0.32)  11.29 (0.12)  95.32 ( 0.42)  95.55 ( 1.04) -0.24 (0.04) poly.2  56.31 
361    0.57 (0.08)   0.56 (0.03)  94.89 ( 1.50)  67.53 (21.34)  0.71 (0.16) poly.3  75.12 
362   48.46 (0.50)  47.43 (0.19)  99.43 ( 0.06)  98.98 ( 0.36) -1.19 (0.04) poly.3  73.97 
363    9.58 (0.29)   9.58 (0.11)  96.84 ( 0.32)  96.92 ( 0.84) -0.28 (0.04) poly.2  57.40 
364    8.15 (0.27)   8.00 (0.10)  89.75 ( 0.87)  91.81 ( 2.10)  0.03 (0.06) poly.2  40.26 
365   10.78 (0.31)  10.77 (0.12)  99.94 ( 0.01)  99.93 ( 0.03) -0.99 (0.04) poly.2  53.07 
366    8.05 (0.27)   8.52 (0.10)  99.88 ( 0.02)  99.86 ( 0.07) -0.83 (0.04) poly.2  53.76 
367   25.10 (0.43)  25.39 (0.18)  85.99 ( 0.88)  93.57 ( 2.19) -0.38 (0.09) sing.3  54.35 
368    3.52 (0.18)   3.37 (0.07)  97.00 ( 0.44)  96.46 ( 1.28) -0.01 (0.05) poly.2  53.57 
369    0.32 (0.06)   0.33 (0.03)  99.14 ( 0.52)   3.79 ( 8.30)  1.21 (0.25) poly.3  99.96 
370    7.36 (0.26)   7.62 (0.10)  98.68 ( 0.17)  98.98 ( 0.36) -0.43 (0.06) poly.2  46.52 
371   39.27 (0.49)  39.54 (0.17)  85.54 ( 0.68)  84.36 ( 1.72) -0.39 (0.02) poly.2  47.36 
372    2.06 (0.14)   2.10 (0.07)  99.93 ( 0.02)  78.54 (18.12)  0.02 (0.16) poly.3  99.94 
373    4.77 (0.21)   5.00 (0.08)  86.57 ( 1.21)  89.22 ( 2.93)  0.22 (0.07) poly.2  42.93 
374    4.74 (0.21)   4.80 (0.08)  95.34 ( 0.53)  95.17 ( 1.10)  0.00 (0.04) poly.2  57.09 
375   13.47 (0.34)  13.32 (0.12)  96.07 ( 0.33)  95.87 ( 0.72) -0.32 (0.03) poly.2  55.68 
376   27.92 (0.45)  28.16 (0.19)  98.16 ( 0.18)  99.42 ( 0.28) -0.90 (0.07) poly.3  54.53 
377   25.98 (0.44)  26.02 (0.16)  99.42 ( 0.06)  99.25 ( 0.22) -0.92 (0.03) poly.2  43.87 
378    3.63 (0.19)   3.68 (0.08)  88.19 ( 1.31)  98.58 ( 1.01) -0.05 (0.13) poly.3  65.10 
379    7.51 (0.26)   7.27 (0.11)  94.54 ( 0.64)  85.60 ( 5.56)  0.06 (0.07) poly.3  91.09 
380    5.25 (0.22)   4.98 (0.08)  94.37 ( 0.62)  93.59 ( 1.66)  0.04 (0.04) poly.2  52.69 
381   52.71 (0.50)  53.04 (0.17)  93.70 ( 0.34)  93.51 ( 0.70) -0.80 (0.02) poly.2  55.78 
382    2.02 (0.14)   1.82 (0.06)  99.70 ( 0.09)  98.78 ( 1.37) -0.24 (0.09) poly.3  45.92 
383   51.91 (0.50)  51.77 (0.20)  95.28 ( 0.38)  89.48 ( 2.63) -0.75 (0.04) poly.3  99.66 
384    1.04 (0.10)   1.01 (0.04)  97.63 ( 0.61)  92.50 ( 6.32)  0.27 (0.10) poly.3  48.61 
385   12.20 (0.33)  11.90 (0.12)  99.44 ( 0.07)  99.37 ( 0.19) -0.67 (0.03) poly.2  54.23 
386   16.04 (0.37)  16.16 (0.14)  99.27 ( 0.08)  99.40 ( 0.18) -0.75 (0.04) poly.2  48.51 
387    2.56 (0.16)   2.43 (0.06)  99.40 ( 0.13)  99.31 ( 0.36) -0.26 (0.05) poly.2  56.47 
388    1.00 (0.10)   1.08 (0.04)  76.21 ( 2.89)  80.68 ( 6.55)  0.74 (0.11) poly.2  48.41 
389   49.21 (0.50)  48.88 (0.20)  93.31 ( 0.50)  72.63 ( 4.86) -0.51 (0.04) poly.3 100.00 
390   22.54 (0.42)  23.03 (0.15)  93.72 ( 0.43)  93.86 ( 1.09) -0.40 (0.03) poly.2  57.14 
391   20.80 (0.41)  20.27 (0.16)  95.55 ( 0.38)  92.90 ( 2.02) -0.38 (0.04) poly.3  70.84 
392    6.92 (0.25)   7.32 (0.11)  95.60 ( 0.49)  97.39 ( 0.99) -0.22 (0.08) sing.3  40.77 
393    4.51 (0.21)   4.37 (0.08)  93.92 ( 0.76)  89.00 ( 4.41)  0.15 (0.06) poly.3  59.63 
394   26.98 (0.44)  26.39 (0.18)  97.29 ( 0.26)  99.85 ( 0.08) -0.91 (0.05) poly.3  99.65 
395   39.86 (0.49)  38.85 (0.19)  93.51 ( 0.50)  77.04 ( 4.59) -0.42 (0.05) poly.3 100.00 
396    0.32 (0.06)   0.34 (0.03)  97.86 ( 1.01)  24.90 (27.77)  1.02 (0.24) poly.3  97.49 
397   11.33 (0.32)  11.41 (0.13)  98.04 ( 0.23)  96.29 ( 1.51) -0.37 (0.05) poly.3  65.52 
398    0.33 (0.06)   0.38 (0.02)  94.10 ( 1.81)  89.03 ( 8.47)  0.61 (0.12) poly.2  48.94 
399    5.68 (0.23)   5.84 (0.09)  70.34 ( 1.80)  74.45 ( 4.93)  0.48 (0.06) poly.2  42.65 
400    2.21 (0.15)   2.17 (0.07)  98.43 ( 0.35)  78.55 (13.87)  0.27 (0.13) poly.3  98.11 
401    7.48 (0.26)   7.33 (0.11)  97.62 ( 0.32)  93.74 ( 2.99) -0.16 (0.06) poly.3  79.27 
402   36.34 (0.48)  36.57 (0.19)  96.05 ( 0.34)  89.90 ( 2.72) -0.59 (0.05) poly.3  99.85 
403   25.89 (0.44)  25.57 (0.17)  99.83 ( 0.02)  99.66 ( 0.16) -1.09 (0.04) poly.3  64.98 
404   20.03 (0.40)  20.30 (0.16)  80.18 ( 1.14)  90.59 ( 3.11) -0.20 (0.11) sing.3  62.59 
405   26.33 (0.44)  25.11 (0.16)  90.04 ( 0.61)  87.95 ( 2.08) -0.28 (0.03) poly.3  49.54 
406   45.37 (0.50)  46.17 (0.20)  97.65 ( 0.21)  99.17 ( 0.35) -1.08 (0.06) poly.3  61.45 
407    4.36 (0.20)   3.98 (0.08)  98.97 ( 0.18)  97.69 ( 1.49) -0.22 (0.06) poly.3  50.03 
408   21.32 (0.41)  21.62 (0.14)  94.17 ( 0.38)  94.10 ( 0.72) -0.39 (0.02) poly.2  57.37 
409   55.08 (0.50)  54.82 (0.20)  94.30 ( 0.45)  84.83 ( 3.39) -0.71 (0.04) poly.3 100.00 
410    1.34 (0.11)   1.31 (0.05)  96.78 ( 0.78)  60.03 (21.57)  0.58 (0.15) poly.3  98.05 
411   43.01 (0.50)  42.35 (0.20)  99.83 ( 0.02)  99.59 ( 0.18) -1.30 (0.04) poly.3  83.68 
412   27.10 (0.44)  26.82 (0.17)  99.53 ( 0.05)  99.59 ( 0.11) -1.00 (0.04) poly.2  51.41 
413   36.65 (0.48)  36.50 (0.19)  93.14 ( 0.50)  96.27 ( 1.21) -0.67 (0.06) poly.3  52.22 
414   12.50 (0.33)  12.54 (0.13)  92.77 ( 0.63)  95.66 ( 1.46) -0.24 (0.07) poly.3  44.72 
415    3.49 (0.18)   3.45 (0.07)  97.15 ( 0.42)  96.66 ( 1.20) -0.03 (0.05) poly.2  53.83 
416   37.72 (0.48)  37.71 (0.19)  80.80 ( 1.08)  60.59 ( 5.68) -0.13 (0.04) poly.3 100.00 
417   16.62 (0.37)  16.02 (0.13)  97.24 ( 0.23)  97.20 ( 0.45) -0.46 (0.03) poly.2  57.40 
418    5.16 (0.22)   5.20 (0.09)  91.76 ( 0.95)  99.64 ( 0.27) -0.21 (0.08) poly.3  98.56 
419   20.25 (0.40)  19.73 (0.15)  84.31 ( 0.87)  85.59 ( 2.24) -0.10 (0.04) poly.2  49.65 
420   28.01 (0.45)  28.26 (0.16)  89.99 ( 0.53)  89.89 ( 0.99) -0.35 (0.02) poly.2  57.32 
421    4.59 (0.21)   4.64 (0.08)  98.42 ( 0.24)  97.39 ( 1.32) -0.19 (0.05) poly.2  42.51 
422   37.12 (0.48)  37.15 (0.17)  95.41 ( 0.30)  94.88 ( 0.81) -0.67 (0.02) poly.2  47.76 
423   33.06 (0.47)  32.60 (0.19)  89.64 ( 0.72)  81.02 ( 4.12) -0.31 (0.05) poly.3  97.97 
424   12.17 (0.33)  12.03 (0.14)  93.24 ( 0.67)  70.61 ( 7.43)  0.08 (0.06) poly.3 100.00 
425   34.82 (0.48)  34.59 (0.18)  99.05 ( 0.09)  98.43 ( 0.52) -0.93 (0.04) poly.3  66.86 
426   23.75 (0.43)  23.68 (0.18)  99.00 ( 0.11)  99.83 ( 0.10) -1.00 (0.07) poly.3  59.85 
427   17.48 (0.38)  16.93 (0.16)  98.43 ( 0.18)  99.78 ( 0.13) -0.80 (0.07) poly.3  82.73 
428   27.13 (0.44)  26.90 (0.18)  95.26 ( 0.41)  99.46 ( 0.24) -0.76 (0.05) poly.3  97.02 
429   17.65 (0.38)  17.28 (0.15)  99.62 ( 0.05)  99.33 ( 0.30) -0.82 (0.04) poly.3  54.40 
430    2.41 (0.15)   2.61 (0.08)  99.47 ( 0.13)  75.82 (15.61)  0.16 (0.13) poly.3  99.93 
431   15.09 (0.36)  14.99 (0.14)  97.61 ( 0.23)  98.05 ( 0.53) -0.50 (0.05) poly.2  45.09 
432    2.50 (0.16)   2.45 (0.06)  97.80 ( 0.40)  96.64 ( 1.84)  0.01 (0.06) poly.2  48.04 
433    2.62 (0.16)   2.50 (0.07)  98.63 ( 0.30)  82.97 (11.34)  0.19 (0.12) poly.3  97.67 
434   47.27 (0.50)  46.87 (0.20)  96.98 ( 0.27)  88.77 ( 2.84) -0.73 (0.04) poly.3 100.00 
435    0.88 (0.09)   0.91 (0.04)  80.46 ( 3.15)  51.85 (16.65)  0.95 (0.13) poly.3  78.53 
436    0.77 (0.09)   0.77 (0.04)  97.24 ( 0.78)  88.68 ( 9.73)  0.39 (0.12) poly.3  54.44 
437   66.38 (0.47)  65.97 (0.18)  95.78 ( 0.33)  93.83 ( 1.48) -1.03 (0.04) poly.3  72.33 
438    3.39 (0.18)   3.71 (0.07)  99.37 ( 0.12)  99.41 ( 0.30) -0.36 (0.07) poly.2  57.04 
439    3.89 (0.19)   3.82 (0.07)  84.20 ( 1.42)  84.60 ( 3.65)  0.38 (0.06) poly.2  57.30 
440   28.31 (0.45)  28.59 (0.18)  98.04 ( 0.18)  96.65 ( 1.07) -0.70 (0.04) poly.3  73.64 
441   15.59 (0.36)  15.42 (0.15)  98.61 ( 0.16)  99.81 ( 0.12) -0.80 (0.08) poly.3  70.56 
442   24.87 (0.43)  24.77 (0.15)  93.88 ( 0.39)  93.62 ( 0.83) -0.43 (0.02) poly.2  55.08 
443   27.25 (0.45)  26.85 (0.17)  80.07 ( 1.08)  73.02 ( 4.42) -0.06 (0.04) poly.3  79.36 
444    7.35 (0.26)   7.29 (0.11)  97.89 ( 0.29)  92.63 ( 3.65) -0.15 (0.07) poly.3  90.83 
445   46.39 (0.50)  46.03 (0.18)  99.09 ( 0.08)  98.87 ( 0.28) -1.11 (0.03) poly.2  42.37 
446   41.27 (0.49)  40.22 (0.17)  96.98 ( 0.20)  96.85 ( 0.42) -0.81 (0.02) poly.2  55.28 
447   38.75 (0.49)  38.07 (0.18)  99.21 ( 0.07)  98.96 ( 0.28) -1.03 (0.03) poly.3  45.41 
448   26.86 (0.44)  26.56 (0.17)  90.16 ( 0.67)  85.59 ( 3.11) -0.28 (0.04) poly.3  76.62 
449    3.65 (0.19)   3.66 (0.07)  95.90 ( 0.57)  97.31 ( 1.07) -0.05 (0.08) poly.2  37.08 
450   18.32 (0.39)  18.41 (0.16)  96.27 ( 0.37)  82.58 ( 4.90) -0.23 (0.06) poly.3 100.00 
451   58.76 (0.49)  59.01 (0.19)  97.78 ( 0.21)  93.06 ( 1.95) -0.99 (0.04) poly.3 100.00 
452   12.22 (0.33)  11.93 (0.12)  94.29 ( 0.48)  94.47 ( 1.22) -0.21 (0.04) poly.2  57.04 
453    0.64 (0.08)   0.64 (0.03)  96.71 ( 0.96)  89.53 ( 9.00)  0.43 (0.12) poly.3  46.35 
454    0.38 (0.06)   0.43 (0.03)  93.23 ( 2.19)  19.51 (21.49)  1.16 (0.22) poly.3  98.11 
455   13.85 (0.35)  13.86 (0.14)  98.30 ( 0.19)  99.00 ( 0.37) -0.59 (0.06) sing.3  39.55 
456   15.56 (0.36)  15.54 (0.15)  95.87 ( 0.42)  77.75 ( 6.03) -0.12 (0.06) poly.3 100.00 
457    4.34 (0.20)   4.40 (0.07)  98.26 ( 0.25)  98.18 ( 0.54) -0.20 (0.04) poly.2  57.14 
458   16.40 (0.37)  16.33 (0.15)  73.51 ( 1.41)  82.39 ( 4.31)  0.08 (0.07) poly.3  52.46 
459    2.73 (0.16)   2.73 (0.06)  93.88 ( 0.81)  93.79 ( 1.56)  0.19 (0.05) poly.2  57.54 
460   48.30 (0.50)  47.85 (0.18)  96.05 ( 0.25)  95.61 ( 0.69) -0.84 (0.02) poly.2  48.06 
461    3.54 (0.18)   3.74 (0.07)  95.83 ( 0.56)  96.46 ( 1.24)  0.00 (0.07) poly.2  52.45 
462    0.31 (0.06)   0.28 (0.02)  93.99 ( 2.39)  25.36 (24.70)  1.16 (0.23) poly.3  93.54 
463    4.79 (0.21)   4.86 (0.09)  91.78 ( 0.90)  99.06 ( 0.68) -0.25 (0.15) sing.3  52.85 
464   12.29 (0.33)  12.26 (0.12)  99.92 ( 0.01)  99.91 ( 0.03) -0.99 (0.03) poly.2  56.80 
465   18.47 (0.39)  18.26 (0.16)  99.01 ( 0.12)  94.17 ( 2.35) -0.52 (0.06) poly.3 100.00 
466    5.28 (0.22)   5.59 (0.09)  96.15 ( 0.46)  96.95 ( 1.00) -0.13 (0.06) poly.2  46.57 
467   16.65 (0.37)  16.22 (0.16)  99.24 ( 0.10)  99.85 ( 0.10) -0.89 (0.07) poly.3  65.54 
468    9.37 (0.29)   9.79 (0.13)  96.95 ( 0.35)  99.47 ( 0.35) -0.53 (0.10) sing.3  50.92 
469   13.26 (0.34)  13.60 (0.14)  96.67 ( 0.34)  98.39 ( 0.67) -0.48 (0.07) sing.3  45.12 
470   21.20 (0.41)  20.46 (0.16)  90.66 ( 0.74)  78.05 ( 5.16) -0.11 (0.05) poly.3  99.83 
471   12.09 (0.33)  11.74 (0.14)  97.04 ( 0.35)  85.33 ( 5.19) -0.14 (0.06) poly.3  99.99 
472   31.83 (0.47)  31.27 (0.17)  91.83 ( 0.50)  92.55 ( 1.25) -0.47 (0.04) poly.2  49.61 
473    0.90 (0.09)   0.94 (0.04)  96.75 ( 0.78)  95.61 ( 2.74)  0.28 (0.08) poly.2  53.52 
474    0.88 (0.09)   0.91 (0.04)  87.58 ( 2.10)  88.82 ( 4.80)  0.58 (0.10) poly.2  55.98 
475    0.82 (0.09)   0.88 (0.04)  99.82 ( 0.07)  90.26 (12.34)  0.08 (0.17) poly.3  82.87 
476   14.50 (0.35)  15.03 (0.13)  97.13 ( 0.25)  96.92 ( 0.58) -0.43 (0.03) poly.2  54.59 
477    1.04 (0.10)   1.03 (0.04)  99.63 ( 0.13)  95.56 ( 5.58)  0.00 (0.13) poly.3  62.40 
478    1.29 (0.11)   1.41 (0.04)  93.15 ( 1.18)  93.12 ( 3.23)  0.35 (0.09) poly.2  57.41 
479   43.94 (0.50)  42.59 (0.20)  97.72 ( 0.21)  94.06 ( 1.78) -0.80 (0.05) poly.3  99.61 
480   11.23 (0.32)  11.06 (0.11)  89.75 ( 0.70)  89.59 ( 1.34) -0.02 (0.03) poly.2  57.26 
481   36.92 (0.48)  37.00 (0.18)  92.06 ( 0.50)  90.07 ( 1.81) -0.51 (0.03) poly.3  55.52 
482    8.55 (0.28)   8.70 (0.11)  89.09 ( 0.90)  91.75 ( 2.21)  0.01 (0.06) poly.2  34.57 
483   13.23 (0.34)  13.58 (0.13)  96.60 ( 0.31)  96.89 ( 0.75) -0.38 (0.04) poly.2  54.15 
484    0.78 (0.09)   0.96 (0.04)  89.91 ( 1.99)  65.66 (16.87)  0.73 (0.13) poly.3  76.25 
485   20.38 (0.40)  19.89 (0.14)  83.88 ( 0.79)  83.53 ( 1.56) -0.07 (0.02) poly.2  56.33 
486   19.08 (0.39)  19.50 (0.16)  99.25 ( 0.08)  99.46 ( 0.17) -0.83 (0.05) poly.2  36.53 
487    0.15 (0.04)   0.14 (0.02)  96.17 ( 2.53)   2.70 ( 5.60)  1.56 (0.28) poly.3  99.38 
488    4.20 (0.20)   4.12 (0.07)  89.03 ( 1.10)  89.39 ( 2.81)  0.25 (0.06) poly.2  57.17 
489   63.00 (0.48)  62.21 (0.19)  80.37 ( 1.08)  68.11 ( 5.07) -0.49 (0.04) poly.3  99.26 
490   14.52 (0.35)  14.41 (0.14)  98.92 ( 0.13)  97.73 ( 1.00) -0.55 (0.05) poly.3  71.04 
491    0.04 (0.02)   0.07 (0.01)  85.34 ( 6.44)  84.44 (13.66)  1.07 (0.21) poly.2  56.84 
492   16.60 (0.37)  17.39 (0.15)  64.27 ( 1.55)  76.81 ( 5.38)  0.14 (0.10) sing.3  54.26 
493    8.89 (0.28)   8.95 (0.12)  97.29 ( 0.33)  99.43 ( 0.37) -0.48 (0.09) poly.3  66.64 
494   18.08 (0.38)  17.93 (0.16)  99.15 ( 0.10)  99.72 ( 0.15) -0.86 (0.07) poly.3  49.90 
495    2.80 (0.16)   2.81 (0.08)  99.08 ( 0.21)  70.77 (16.09)  0.23 (0.12) poly.3  99.98 
496    2.66 (0.16)   2.53 (0.07)  99.98 ( 0.01)  99.93 ( 0.10) -0.73 (0.07) poly.2  48.17 
497   12.28 (0.33)  12.05 (0.12)  96.83 ( 0.29)  96.55 ( 0.71) -0.33 (0.03) poly.2  53.95 
498    1.49 (0.12)   1.49 (0.06)  99.91 ( 0.04)  45.09 (29.02)  0.34 (0.18) poly.3 100.00 
499   54.62 (0.50)  54.72 (0.18)  96.26 ( 0.25)  96.50 ( 0.61) -0.96 (0.03) poly.2  53.44 
500   18.68 (0.39)  18.69 (0.16)  95.43 ( 0.42)  90.91 ( 2.83) -0.31 (0.05) poly.3  88.45 
501    1.10 (0.10)   1.00 (0.04)  96.55 ( 0.84)  90.57 ( 7.09)  0.35 (0.10) poly.3  48.36 
502    0.03 (0.02)   0.04 (0.01)  85.75 (11.14)   4.37 ( 3.18)  1.98 (0.32) poly.3  95.70 
503   30.18 (0.46)  30.07 (0.19)  96.12 ( 0.34)  91.35 ( 2.51) -0.52 (0.05) poly.3  97.72 
504   16.44 (0.37)  17.18 (0.13)  97.52 ( 0.21)  97.28 ( 0.54) -0.50 (0.03) poly.2  53.16 
505    4.36 (0.20)   4.50 (0.08)  95.12 ( 0.59)  95.90 ( 1.33) -0.01 (0.06) poly.2  51.01 
506    2.93 (0.17)   2.84 (0.06)  98.40 ( 0.29)  98.65 ( 0.61) -0.14 (0.07) poly.2  54.22 
507    5.45 (0.23)   5.43 (0.08)  88.84 ( 1.01)  88.93 ( 2.70)  0.19 (0.05) poly.2  57.50 
508    1.61 (0.13)   1.88 (0.06)  99.85 ( 0.04)  99.89 ( 0.08) -0.48 (0.10) poly.2  54.05 
509    0.87 (0.09)   0.77 (0.04)  98.71 ( 0.43)  84.12 (15.19)  0.36 (0.15) poly.3  74.27 
510   42.50 (0.49)  42.90 (0.17)  94.75 ( 0.30)  94.70 ( 0.56) -0.72 (0.02) poly.2  57.39 
511   14.40 (0.35)  14.45 (0.13)  97.14 ( 0.26)  97.38 ( 0.64) -0.43 (0.04) poly.2  54.26 
512   51.12 (0.50)  51.56 (0.20)  98.93 ( 0.11)  99.45 ( 0.21) -1.25 (0.06) poly.3  46.27 
513   26.57 (0.44)  27.32 (0.17)  81.14 ( 0.97)  76.91 ( 3.39) -0.11 (0.03) poly.3  61.08 
514   12.04 (0.33)  11.55 (0.13)  81.68 ( 1.36)  53.96 ( 8.14)  0.35 (0.06) poly.3 100.00 
515    4.54 (0.21)   4.43 (0.09)  97.61 ( 0.39)  71.48 (11.93)  0.21 (0.10) poly.3 100.00 
516    2.95 (0.17)   3.04 (0.08)  98.87 ( 0.23)  87.22 ( 8.72)  0.08 (0.11) poly.3  97.22 
517    3.39 (0.18)   3.54 (0.08)  99.43 ( 0.11)  99.82 ( 0.10) -0.53 (0.12) sing.3  43.88 
518   15.89 (0.37)  15.94 (0.13)  96.66 ( 0.27)  96.54 ( 0.56) -0.41 (0.03) poly.2  56.58 
519   53.78 (0.50)  53.28 (0.20)  88.76 ( 0.74)  73.40 ( 4.69) -0.50 (0.04) poly.3 100.00 
520    3.10 (0.17)   2.93 (0.06)  91.99 ( 0.95)  91.72 ( 1.94)  0.25 (0.04) poly.2  57.14 
521   12.54 (0.33)  12.41 (0.12)  96.93 ( 0.28)  96.80 ( 0.58) -0.35 (0.03) poly.2  56.46 
522   31.76 (0.47)  30.84 (0.19)  93.41 ( 0.52)  85.19 ( 3.64) -0.39 (0.05) poly.3  99.62 
523   27.30 (0.45)  26.96 (0.17)  94.25 ( 0.43)  91.86 ( 1.92) -0.44 (0.04) poly.3  65.11 
524    9.87 (0.30)   9.71 (0.13)  99.84 ( 0.03)  99.98 ( 0.02) -1.01 (0.09) poly.3  61.51 
525    0.60 (0.08)   0.67 (0.03)  92.54 ( 1.68)  89.86 ( 5.56)  0.55 (0.09) poly.2  52.27 
526   26.44 (0.44)  26.45 (0.16)  97.78 ( 0.18)  97.91 ( 0.44) -0.70 (0.03) poly.2  55.19 
527    5.79 (0.23)   5.95 (0.08)  88.20 ( 0.95)  88.00 ( 1.83)  0.19 (0.03) poly.2  57.33 
528   14.70 (0.35)  15.05 (0.14)  92.23 ( 0.62)  88.69 ( 2.84) -0.15 (0.04) poly.3  64.33 
529    1.07 (0.10)   1.07 (0.04)  98.46 ( 0.44)  84.30 (13.54)  0.32 (0.14) poly.3  79.35 
530    0.55 (0.07)   0.57 (0.03)  95.70 ( 1.46)   2.61 ( 5.18)  1.32 (0.22) poly.3 100.00 
531   21.09 (0.41)  21.48 (0.14)  80.80 ( 0.86)  80.50 ( 1.65) -0.04 (0.02) poly.2  56.73 
532   24.64 (0.43)  24.54 (0.17)  75.58 ( 1.32)  61.35 ( 6.03)  0.10 (0.05) poly.3  98.34 
533   19.84 (0.40)  19.94 (0.16)  96.14 ( 0.35)  93.33 ( 2.04) -0.40 (0.04) poly.3  76.38 
534   74.39 (0.44)  74.47 (0.16)  99.57 ( 0.04)  99.41 ( 0.18) -1.62 (0.03) poly.3  49.60 
535   25.78 (0.44)  26.28 (0.16)  94.78 ( 0.35)  94.14 ( 0.97) -0.48 (0.03) poly.2  48.03 
536   23.84 (0.43)  24.10 (0.17)  81.66 ( 1.13)  58.64 ( 6.37)  0.07 (0.05) poly.3 100.00 
537    0.29 (0.05)   0.26 (0.02)  95.10 ( 2.11)  23.76 (24.80)  1.16 (0.24) poly.3  94.22 
538    9.13 (0.29)   9.02 (0.12)  98.90 ( 0.15)  99.90 ( 0.08) -0.73 (0.10) poly.3  63.18 
539   18.35 (0.39)  17.80 (0.16)  99.46 ( 0.07)  97.37 ( 1.26) -0.66 (0.06) poly.3  99.31 
540   50.13 (0.50)  50.09 (0.18)  93.90 ( 0.39)  92.37 ( 1.43) -0.75 (0.03) poly.3  54.75 
541   32.43 (0.47)  32.92 (0.16)  96.88 ( 0.21)  96.86 ( 0.39) -0.71 (0.02) poly.2  57.51 
542   10.42 (0.31)  10.38 (0.11)  94.18 ( 0.51)  94.69 ( 1.24) -0.17 (0.05) poly.2  53.71 
543   49.15 (0.50)  48.21 (0.20)  89.63 ( 0.70)  76.02 ( 4.48) -0.47 (0.04) poly.3 100.00 
544    3.32 (0.18)   3.16 (0.08)  99.63 ( 0.09)  96.07 ( 3.54) -0.20 (0.10) poly.3  86.65 
545    0.58 (0.08)   0.62 (0.03)  95.71 ( 1.15)  96.53 ( 2.12)  0.36 (0.12) poly.2  54.71 
546   45.86 (0.50)  45.57 (0.18)  95.66 ( 0.29)  94.92 ( 0.89) -0.78 (0.03) poly.2  42.46 
547   35.23 (0.48)  34.23 (0.17)  98.67 ( 0.10)  98.63 ( 0.22) -0.90 (0.02) poly.2  56.30 
548   13.65 (0.34)  13.83 (0.14)  96.83 ( 0.34)  92.11 ( 2.94) -0.28 (0.06) poly.3  92.27 
549    3.37 (0.18)   3.76 (0.08)  95.23 ( 0.70)  84.16 ( 7.64)  0.21 (0.09) poly.3  87.22 
550    3.61 (0.19)   3.72 (0.07)  98.64 ( 0.23)  98.93 ( 0.46) -0.25 (0.07) poly.2  51.22 
551   26.43 (0.44)  25.81 (0.16)  96.27 ( 0.28)  95.59 ( 0.88) -0.55 (0.03) poly.2  44.47 
552    4.45 (0.21)   4.17 (0.08)  88.61 ( 1.15)  91.08 ( 2.65)  0.21 (0.07) poly.2  42.46 
553   11.09 (0.31)  11.24 (0.11)  98.11 ( 0.20)  97.74 ( 0.62) -0.42 (0.03) poly.2  49.96 
554   14.05 (0.35)  14.71 (0.14)  86.91 ( 1.02)  72.28 ( 6.35)  0.10 (0.06) poly.3  99.20 
555    1.79 (0.13)   1.77 (0.06)  98.93 ( 0.29)  17.52 (16.13)  0.71 (0.16) poly.3 100.00 
556    2.20 (0.15)   2.23 (0.06)  93.60 ( 1.02)  99.82 ( 0.19) -0.14 (0.11) poly.3  91.23 
557   42.12 (0.49)  41.50 (0.19)  83.69 ( 0.96)  61.10 ( 5.60) -0.21 (0.04) poly.3 100.00 
558    2.71 (0.16)   2.50 (0.06)  96.01 ( 0.67)  89.66 ( 5.85)  0.21 (0.08) poly.3  63.25 
559   35.67 (0.48)  35.17 (0.17)  91.44 ( 0.48)  90.57 ( 1.28) -0.48 (0.02) poly.2  47.29 
560    0.38 (0.06)   0.49 (0.02)  70.53 ( 4.18)  66.79 ( 8.99)  1.04 (0.09) poly.2  53.66 
561   18.77 (0.39)  19.46 (0.15)  81.21 ( 1.11)  73.87 ( 4.69)  0.05 (0.04) poly.3  78.06 
562   15.37 (0.36)  15.76 (0.15)  96.61 ( 0.34)  98.76 ( 0.59) -0.55 (0.07) poly.3  54.18 
563    4.79 (0.21)   4.78 (0.09)  89.29 ( 1.19)  77.09 ( 7.81)  0.33 (0.07) poly.3  83.65 
564   57.09 (0.49)  56.87 (0.20)  99.78 ( 0.03)  99.96 ( 0.02) -1.66 (0.06) poly.3  66.00 
565    5.97 (0.24)   5.91 (0.10)  98.55 ( 0.21)  99.93 ( 0.06) -0.66 (0.12) poly.3  60.50 
566    2.44 (0.15)   2.53 (0.06)  93.55 ( 0.93)  89.04 ( 4.84)  0.28 (0.07) poly.3  48.18 
567    2.66 (0.16)   2.67 (0.06)  79.32 ( 2.02)  70.89 ( 7.50)  0.62 (0.07) poly.3  53.40 
568    6.16 (0.24)   6.24 (0.09)  98.51 ( 0.20)  98.37 ( 0.48) -0.31 (0.04) poly.2  55.71 
569   51.42 (0.50)  50.91 (0.20)  98.08 ( 0.18)  94.65 ( 1.61) -0.93 (0.04) poly.3  99.86 
570   22.27 (0.42)  22.01 (0.17)  79.28 ( 1.23)  63.56 ( 6.19)  0.10 (0.05) poly.3  99.49 
571   10.86 (0.31)  10.66 (0.13)  95.04 ( 0.51)  99.16 ( 0.50) -0.45 (0.09) poly.3  61.54 
572    8.45 (0.28)   8.42 (0.10)  94.60 ( 0.50)  93.87 ( 1.37) -0.10 (0.03) poly.2  51.28 
573   30.25 (0.46)  29.67 (0.19)  95.85 ( 0.37)  88.20 ( 3.21) -0.46 (0.05) poly.3  99.96 
574   22.75 (0.42)  23.13 (0.16)  95.97 ( 0.31)  96.26 ( 0.75) -0.52 (0.04) poly.2  53.84 
575   18.59 (0.39)  18.15 (0.15)  98.60 ( 0.15)  97.50 ( 0.94) -0.59 (0.04) poly.3  66.19 
576    0.22 (0.05)   0.22 (0.02)  97.90 ( 1.06)  90.64 (11.26)  0.53 (0.16) poly.2  44.00 
577   16.09 (0.37)  16.34 (0.14)  83.85 ( 0.92)  85.10 ( 2.38) -0.02 (0.04) poly.2  50.89 
578   16.23 (0.37)  16.46 (0.15)  97.82 ( 0.23)  95.72 ( 1.59) -0.45 (0.05) poly.3  76.26 
579   24.58 (0.43)  24.74 (0.18)  97.94 ( 0.20)  99.33 ( 0.33) -0.83 (0.07) poly.3  49.62 
580   13.91 (0.35)  13.71 (0.14)  95.63 ( 0.42)  97.67 ( 0.88) -0.40 (0.06) poly.3  52.46 
581    5.30 (0.22)   4.89 (0.08)  99.70 ( 0.06)  99.70 ( 0.11) -0.55 (0.04) poly.2  57.61 
582    8.21 (0.27)   8.22 (0.10)  94.46 ( 0.52)  93.35 ( 1.64) -0.08 (0.04) poly.2  47.64 
583   32.97 (0.47)  32.71 (0.16)  97.36 ( 0.19)  97.17 ( 0.44) -0.74 (0.02) poly.2  53.42 
584    0.91 (0.09)   0.91 (0.04)  99.85 ( 0.07)  41.64 (32.04)  0.49 (0.20) poly.3  99.91 
585   15.34 (0.36)  15.19 (0.14)  90.25 ( 0.74)  85.82 ( 3.36) -0.08 (0.04) poly.3  67.78 
586    0.23 (0.05)   0.23 (0.02)  87.09 ( 4.36)  18.59 (18.05)  1.37 (0.24) poly.3  92.48 
587    1.11 (0.10)   1.13 (0.04)  89.78 ( 1.70)  90.56 ( 4.02)  0.49 (0.09) poly.2  56.65 
588   19.33 (0.39)  19.62 (0.16)  83.94 ( 1.03)  91.15 ( 2.71) -0.19 (0.07) poly.3  58.28 
589   17.37 (0.38)  17.10 (0.15)  96.44 ( 0.33)  97.84 ( 0.73) -0.50 (0.06) poly.3  44.36 
590   19.41 (0.40)  18.75 (0.16)  94.82 ( 0.48)  85.21 ( 4.25) -0.22 (0.05) poly.3  99.83 
591   34.09 (0.47)  33.93 (0.19)  98.12 ( 0.18)  99.69 ( 0.15) -1.05 (0.07) poly.3  70.52 
592   35.27 (0.48)  34.73 (0.17)  98.01 ( 0.15)  97.86 ( 0.35) -0.82 (0.02) poly.2  53.43 
593   25.31 (0.43)  25.00 (0.16)  81.35 ( 0.90)  79.18 ( 2.51) -0.09 (0.03) poly.2  42.48 
594    2.82 (0.17)   2.83 (0.07)  99.12 ( 0.19)  95.84 ( 3.36) -0.10 (0.09) poly.3  69.31 
595    1.18 (0.11)   1.19 (0.04)  95.63 ( 0.88)  95.01 ( 2.26)  0.29 (0.07) poly.2  55.87 
596    0.10 (0.03)   0.15 (0.01)  81.80 ( 5.89)  49.37 (19.96)  1.25 (0.20) poly.3  59.48 
597   28.69 (0.45)  28.97 (0.17)  82.15 ( 0.86)  83.47 ( 2.26) -0.20 (0.04) poly.2  49.13 
598    1.57 (0.12)   1.53 (0.05)  99.54 ( 0.13)  97.08 ( 3.24) -0.09 (0.10) poly.3  57.23 
599    0.55 (0.07)   0.62 (0.03)  95.38 ( 1.29)  80.35 (14.68)  0.58 (0.13) poly.3  59.93 
600   10.32 (0.30)  10.51 (0.13)  85.18 ( 1.13)  94.38 ( 2.43) -0.10 (0.10) sing.3  52.62 
601   23.92 (0.43)  23.99 (0.16)  96.14 ( 0.29)  96.33 ( 0.72) -0.54 (0.03) poly.2  55.70 
602    5.86 (0.23)   6.33 (0.10)  91.48 ( 0.92)  99.44 ( 0.37) -0.23 (0.08) poly.3  94.89 
603    0.18 (0.04)   0.22 (0.02)  82.83 ( 4.46)  80.14 ( 9.76)  0.97 (0.12) poly.2  55.75 
604    1.19 (0.11)   1.23 (0.05)  98.87 ( 0.33)  82.45 (15.04)  0.30 (0.15) poly.3  87.99 
605    0.03 (0.02)   0.02 (0.01)  92.38 ( 9.07)  11.57 ( 8.98)  1.80 (0.34) poly.3  89.74 
606    4.44 (0.21)   4.38 (0.08)  99.79 ( 0.04)  99.62 ( 0.28) -0.55 (0.05) poly.2  47.06 
607    8.19 (0.27)   8.27 (0.11)  86.73 ( 1.13)  77.74 ( 5.90)  0.22 (0.06) poly.3  78.78 
608    0.09 (0.03)   0.08 (0.01)  95.35 ( 3.76)   4.15 ( 6.36)  1.64 (0.30) poly.3  98.04 
609    5.76 (0.23)   5.80 (0.09)  95.98 ( 0.46)  96.30 ( 1.13) -0.10 (0.05) poly.2  55.79 
610   23.93 (0.43)  24.07 (0.15)  98.82 ( 0.10)  98.76 ( 0.22) -0.78 (0.02) poly.2  55.89 
611    0.14 (0.04)   0.14 (0.01)  85.48 ( 5.08)  77.05 (14.61)  1.03 (0.15) poly.2  50.46 
612    0.83 (0.09)   0.91 (0.04)  97.68 ( 0.60)  98.50 ( 0.83)  0.11 (0.12) poly.2  46.55 
613   35.34 (0.48)  35.79 (0.18)  88.71 ( 0.70)  84.20 ( 3.05) -0.37 (0.04) poly.3  76.36 
614   39.20 (0.49)  39.59 (0.19)  99.09 ( 0.09)  98.46 ( 0.51) -1.00 (0.04) poly.3  70.49 
615    2.23 (0.15)   2.32 (0.07)  99.59 ( 0.11)  94.03 ( 5.66) -0.08 (0.12) poly.3  87.77 
616    3.83 (0.19)   3.80 (0.07)  97.85 ( 0.33)  97.24 ( 1.14) -0.10 (0.05) poly.2  51.05 
617    6.29 (0.24)   6.06 (0.10)  91.37 ( 0.90)  96.37 ( 1.73) -0.06 (0.10) poly.3  47.42 
618   43.59 (0.50)  44.23 (0.20)  97.73 ( 0.20)  99.05 ( 0.39) -1.05 (0.06) sing.3  49.80 
619   16.08 (0.37)  16.15 (0.15)  87.34 ( 0.97)  71.68 ( 6.28)  0.06 (0.05) poly.3  99.77 
620   16.33 (0.37)  16.14 (0.15)  94.47 ( 0.48)  96.66 ( 1.11) -0.39 (0.06) poly.3  41.85 
621    7.70 (0.27)   7.64 (0.10)  88.89 ( 0.90)  89.64 ( 2.21)  0.09 (0.05) poly.2  54.74 
622   13.24 (0.34)  13.56 (0.14)  86.53 ( 1.06)  71.12 ( 6.65)  0.13 (0.06) poly.3  99.24 
623   16.88 (0.37)  16.64 (0.14)  98.22 ( 0.17)  98.35 ( 0.41) -0.58 (0.04) poly.2  55.14 
624    7.34 (0.26)   7.54 (0.12)  99.43 ( 0.10)  96.65 ( 2.12) -0.38 (0.08) poly.3  94.19 
625    0.20 (0.04)   0.27 (0.02)  92.48 ( 2.47)  88.77 ( 8.28)  0.71 (0.12) poly.2  52.85 
626   47.21 (0.50)  47.24 (0.20)  83.00 ( 0.97)  72.45 ( 4.72) -0.35 (0.04) poly.3  98.31 
627    6.35 (0.24)   6.33 (0.10)  97.46 ( 0.33)  98.64 ( 0.58) -0.31 (0.08) sing.3  39.77 
628    0.45 (0.07)   0.47 (0.03)  98.21 ( 0.71)  70.80 (24.55)  0.59 (0.18) poly.3  78.95 
629    5.85 (0.23)   6.06 (0.09)  90.05 ( 0.91)  87.43 ( 3.12)  0.16 (0.04) poly.2  42.90 
630    4.50 (0.21)   4.33 (0.09)  92.47 ( 0.99)  64.56 (11.79)  0.40 (0.09) poly.3  99.88 
631    2.08 (0.14)   2.11 (0.05)  94.14 ( 0.89)  92.55 ( 2.91)  0.26 (0.06) poly.2  50.99 
632   31.34 (0.46)  30.63 (0.19)  93.00 ( 0.55)  76.01 ( 4.96) -0.29 (0.05) poly.3 100.00 
633    2.76 (0.16)   2.68 (0.07)  92.42 ( 1.10)  99.98 ( 0.03) -0.27 (0.09) poly.3 100.00 
634    3.47 (0.18)   3.61 (0.07)  99.27 ( 0.14)  99.48 ( 0.24) -0.37 (0.08) poly.2  47.88 
635   15.18 (0.36)  15.29 (0.13)  83.41 ( 0.96)  84.91 ( 2.48)  0.01 (0.04) poly.2  48.88 
636   18.41 (0.39)  18.27 (0.14)  88.72 ( 0.70)  87.08 ( 2.04) -0.13 (0.03) poly.2  44.06 
637    2.29 (0.15)   2.15 (0.06)  83.09 ( 2.01)  95.72 ( 2.83)  0.27 (0.14) poly.3  60.03 
638    1.24 (0.11)   1.39 (0.05)  90.09 ( 1.55)  93.49 ( 2.78)  0.37 (0.11) poly.2  39.02 
639    0.77 (0.09)   0.80 (0.04)  99.29 ( 0.27)  75.35 (22.22)  0.40 (0.18) poly.3  90.79 
640   18.51 (0.39)  18.11 (0.15)  96.59 ( 0.32)  93.83 ( 2.01) -0.39 (0.05) poly.3  77.13 
641    2.10 (0.14)   2.04 (0.06)  99.20 ( 0.20)  89.97 ( 8.50)  0.08 (0.12) poly.3  89.55 
642    0.11 (0.03)   0.13 (0.02)  99.85 ( 0.18)   9.21 (18.10)  1.10 (0.28) poly.3  99.47 
643    5.88 (0.24)   6.01 (0.10)  95.23 ( 0.61)  84.58 ( 6.47)  0.10 (0.08) poly.3  94.34 
644   14.43 (0.35)  13.98 (0.15)  98.58 ( 0.18)  86.46 ( 4.86) -0.28 (0.06) poly.3 100.00 
645   80.16 (0.40)  79.65 (0.14)  99.59 ( 0.04)  99.55 ( 0.09) -1.73 (0.02) poly.2  53.33 
646    5.85 (0.23)   5.67 (0.10)  98.62 ( 0.23)  87.36 ( 6.59) -0.05 (0.09) poly.3  99.79 
647    5.76 (0.23)   5.79 (0.08)  96.55 ( 0.40)  96.36 ( 0.87) -0.12 (0.04) poly.2  56.44 
648   16.07 (0.37)  16.29 (0.15)  75.51 ( 1.46)  49.32 ( 7.19)  0.32 (0.05) poly.3 100.00 
649    0.54 (0.07)   0.63 (0.03)  90.30 ( 2.17)  78.34 (12.31)  0.70 (0.11) poly.3  48.92 
650    0.93 (0.10)   0.78 (0.04)  90.37 ( 2.18)  44.00 (22.87)  0.91 (0.16) poly.3  93.55 
651    0.65 (0.08)   0.62 (0.03)  92.78 ( 1.68)  91.56 ( 4.25)  0.54 (0.08) poly.2  55.67 
652    1.75 (0.13)   1.74 (0.05)  97.43 ( 0.51)  98.06 ( 0.92)  0.04 (0.09) poly.2  50.49 
653   21.78 (0.41)  21.93 (0.17)  81.41 ( 1.16)  57.08 ( 6.59)  0.12 (0.05) poly.3 100.00 
654   14.32 (0.35)  14.30 (0.14)  94.10 ( 0.51)  96.23 ( 1.20) -0.32 (0.06) sing.3  40.10 
655   13.57 (0.34)  13.43 (0.14)  92.42 ( 0.67)  97.66 ( 1.11) -0.35 (0.08) poly.3  59.31 
656   15.63 (0.36)  15.90 (0.15)  93.14 ( 0.61)  85.92 ( 4.10) -0.14 (0.05) poly.3  93.24 
657   10.06 (0.30)  10.09 (0.12)  99.39 ( 0.08)  99.48 ( 0.18) -0.64 (0.05) poly.2  52.30 
658    8.37 (0.28)   8.66 (0.11)  91.49 ( 0.74)  93.11 ( 1.78) -0.04 (0.06) poly.2  42.46 
659    0.70 (0.08)   0.65 (0.03)  94.50 ( 1.43)  82.41 (12.48)  0.57 (0.12) poly.3  53.90 
660    0.00 (0.00)   0.01 (0.00)  46.50 (34.91)   4.76 ( 3.92)  2.61 (0.43) poly.3  84.90 
661    0.00 (0.00)   0.00 (0.00)  52.00 (45.12)   3.79 ( 4.47)  2.66 (0.50) poly.3  82.38 
662   15.47 (0.36)  15.79 (0.13)  98.56 ( 0.14)  98.50 ( 0.29) -0.59 (0.03) poly.2  56.57 
663    8.10 (0.27)   8.27 (0.10)  97.67 ( 0.27)  96.51 ( 1.31) -0.27 (0.04) poly.3  45.98 
664    0.98 (0.10)   0.94 (0.04)  95.36 ( 1.16)  63.54 (21.32)  0.65 (0.15) poly.3  89.84 
665   28.84 (0.45)  29.33 (0.16)  85.75 ( 0.66)  85.62 ( 1.24) -0.26 (0.02) poly.2  57.31 
666   11.24 (0.32)  11.03 (0.13)  96.01 ( 0.42)  99.13 ( 0.52) -0.48 (0.09) poly.3  53.60 
667    7.43 (0.26)   7.09 (0.11)  91.89 ( 0.87)  81.17 ( 6.43)  0.16 (0.07) poly.3  90.42 
668    4.45 (0.21)   4.52 (0.09)  95.07 ( 0.68)  84.46 ( 7.04)  0.17 (0.08) poly.3  89.21 
669   61.24 (0.49)  61.46 (0.18)  94.49 ( 0.38)  95.71 ( 0.95) -0.99 (0.05) poly.3  37.73 
670    2.13 (0.14)   2.02 (0.06)  86.44 ( 1.72)  93.36 ( 3.12)  0.32 (0.13) sing.3  41.42 
671    5.77 (0.23)   5.71 (0.10)  92.36 ( 0.83)  96.69 ( 1.57) -0.07 (0.10) sing.3  47.17 
672    0.00 (0.00)   0.02 (0.01)  99.98 ( 0.06)   2.07 ( 5.63)  1.39 (0.33) poly.3  99.82 
673    2.92 (0.17)   2.98 (0.06)  93.82 ( 0.79)  93.71 ( 1.53)  0.17 (0.04) poly.2  57.50 
674   33.69 (0.47)  33.42 (0.19)  98.70 ( 0.14)  95.75 ( 1.47) -0.77 (0.05) poly.3  99.79 
675    0.08 (0.03)   0.16 (0.02)  99.98 ( 0.03)   8.13 (17.02)  0.96 (0.27) poly.3  99.89 
676    7.33 (0.26)   7.30 (0.10)  96.93 ( 0.35)  97.34 ( 0.80) -0.23 (0.05) poly.2  52.12 
677    0.18 (0.04)   0.27 (0.02)  97.70 ( 1.07)  79.06 (20.27)  0.63 (0.18) poly.3  58.65 
678    9.01 (0.29)   8.94 (0.12)  93.25 ( 0.72)  76.88 ( 7.22)  0.11 (0.07) poly.3  99.82 
679    4.20 (0.20)   4.23 (0.08)  96.23 ( 0.50)  96.29 ( 1.33) -0.03 (0.06) poly.2  57.53 
680    2.14 (0.14)   2.19 (0.06)  96.68 ( 0.60)  92.32 ( 4.64)  0.17 (0.08) poly.3  53.17 
681    0.08 (0.03)   0.09 (0.01)  87.09 ( 5.86)  61.20 (21.46)  1.18 (0.21) poly.3  49.29 
682   15.41 (0.36)  15.32 (0.13)  99.66 ( 0.04)  99.61 ( 0.12) -0.83 (0.03) poly.2  52.94 
683   28.23 (0.45)  28.30 (0.18)  98.22 ( 0.17)  98.89 ( 0.36) -0.83 (0.05) poly.3  42.50 
684    8.67 (0.28)   8.89 (0.12)  99.04 ( 0.14)  99.86 ( 0.11) -0.71 (0.10) poly.3  55.83 
685    0.25 (0.05)   0.27 (0.02)  95.59 ( 1.80)  60.59 (26.45)  0.85 (0.20) poly.3  71.70 
686    0.55 (0.07)   0.61 (0.03)  99.26 ( 0.29)  90.46 (11.33)  0.25 (0.15) poly.3  62.43 
687    0.70 (0.08)   0.71 (0.04)  97.33 ( 0.88)  22.98 (23.19)  0.93 (0.20) poly.3  99.79 
688    0.38 (0.06)   0.41 (0.02)  78.51 ( 3.92)  75.55 ( 8.68)  0.95 (0.09) poly.2  54.88 
689    1.66 (0.13)   1.49 (0.04)  86.63 ( 1.82)  83.16 ( 5.53)  0.56 (0.07) poly.2  49.20 
690    9.86 (0.30)  10.46 (0.12)  98.08 ( 0.21)  98.28 ( 0.50) -0.42 (0.05) poly.2  54.27 
691   21.79 (0.41)  21.38 (0.16)  84.35 ( 1.03)  73.31 ( 5.39) -0.01 (0.05) poly.3  96.10 
692    0.06 (0.02)   0.05 (0.01)  50.99 (13.88)   6.02 ( 2.60)  2.20 (0.31) poly.3  90.79 
693    1.82 (0.13)   1.70 (0.05)  95.95 ( 0.81)  82.07 (11.09)  0.37 (0.11) poly.3  79.45 
694   16.75 (0.37)  16.42 (0.13)  97.50 ( 0.21)  97.35 ( 0.48) -0.49 (0.03) poly.2  55.30 
695    0.01 (0.01)   0.02 (0.01)  98.13 ( 3.73)   2.23 ( 2.87)  1.86 (0.36) poly.3  98.36 
696    0.53 (0.07)   0.61 (0.03)  97.06 ( 0.98)  49.53 (28.67)  0.77 (0.19) poly.3  94.03 
697    0.01 (0.01)   0.01 (0.00)  91.93 (15.16)   3.53 ( 2.67)  2.17 (0.42) poly.3  94.82 
698   12.04 (0.33)  11.89 (0.12)  98.71 ( 0.14)  98.39 ( 0.50) -0.51 (0.03) poly.2  48.24 
699    7.48 (0.26)   7.49 (0.10)  97.23 ( 0.32)  97.37 ( 0.80) -0.24 (0.05) poly.2  56.92 
700    1.29 (0.11)   1.43 (0.05)  97.70 ( 0.54)  89.93 ( 7.85)  0.24 (0.11) poly.3  64.83 
701   31.79 (0.47)  31.75 (0.17)  91.15 ( 0.51)  90.07 ( 1.43) -0.42 (0.03) poly.2  45.37 
702    2.04 (0.14)   1.94 (0.05)  83.63 ( 1.91)  78.05 ( 6.51)  0.59 (0.07) poly.2  42.83 
703   19.30 (0.39)  18.95 (0.14)  93.17 ( 0.45)  92.84 ( 0.98) -0.30 (0.03) poly.2  54.87 
704    0.28 (0.05)   0.29 (0.02)  96.64 ( 1.36)  85.93 (13.73)  0.60 (0.15) poly.3  45.30 
705    2.87 (0.17)   3.03 (0.07)  98.12 ( 0.33)  96.01 ( 2.45) -0.04 (0.07) poly.3  48.43 
706   15.22 (0.36)  14.56 (0.12)  98.64 ( 0.13)  98.60 ( 0.27) -0.57 (0.03) poly.2  57.13 
707    0.21 (0.05)   0.20 (0.02)  96.17 ( 2.18)   1.06 ( 2.76)  1.58 (0.27) poly.3  99.90 
708    0.79 (0.09)   0.94 (0.04)  96.84 ( 0.86)  65.98 (21.99)  0.59 (0.16) poly.3  90.78 
709    7.23 (0.26)   7.60 (0.11)  99.56 ( 0.07)  99.75 ( 0.11) -0.67 (0.08) sing.3  37.51 
710   14.42 (0.35)  14.06 (0.14)  95.09 ( 0.49)  88.76 ( 3.73) -0.18 (0.06) poly.3  93.25 
711    0.52 (0.07)   0.50 (0.03)  98.31 ( 0.61)  97.61 ( 2.18)  0.25 (0.10) poly.2  55.09 
712    1.01 (0.10)   1.00 (0.05)  99.79 ( 0.09)  67.21 (27.35)  0.33 (0.19) poly.3  98.81 
713   17.95 (0.38)  18.68 (0.13)  68.82 ( 1.13)  68.68 ( 2.07)  0.20 (0.02) poly.2  57.48 
714   15.28 (0.36)  15.19 (0.14)  98.33 ( 0.17)  98.68 ( 0.38) -0.58 (0.05) poly.2  43.51 
715    0.23 (0.05)   0.23 (0.02)  98.11 ( 1.01)  68.14 (27.49)  0.72 (0.21) poly.3  70.10 
716    0.02 (0.01)   0.03 (0.01)  94.00 ( 5.82)  55.35 (26.76)  1.26 (0.28) poly.3  59.39 
717    0.06 (0.02)   0.07 (0.01)  86.34 ( 6.74)  55.69 (21.92)  1.26 (0.22) poly.3  52.79 
718    0.26 (0.05)   0.32 (0.02)  96.97 ( 1.16)  97.18 ( 2.52)  0.41 (0.15) poly.2  56.94 
719    0.04 (0.02)   0.07 (0.01)  94.20 ( 4.49)   7.96 ( 9.66)  1.60 (0.30) poly.3  95.52 
720    8.50 (0.28)   8.54 (0.10)  99.32 ( 0.09)  99.29 ( 0.20) -0.54 (0.03) poly.2  57.00 
721    0.21 (0.05)   0.21 (0.02)  89.05 ( 3.64)  73.76 (16.86)  0.94 (0.16) poly.3  43.11 
722    7.18 (0.26)   7.06 (0.11)  88.76 ( 1.10)  75.87 ( 7.31)  0.25 (0.07) poly.3  91.45 
723   10.00 (0.30)   9.43 (0.12)  97.24 ( 0.35)  90.12 ( 4.17) -0.15 (0.07) poly.3  97.52 
724   13.33 (0.34)  12.82 (0.12)  87.76 ( 0.81)  87.98 ( 2.07) -0.02 (0.04) poly.2  57.28 
725    7.61 (0.27)   7.75 (0.10)  51.22 ( 1.83)  54.31 ( 5.20)  0.67 (0.05) poly.2  48.29 
726    0.28 (0.05)   0.41 (0.03)  94.58 ( 1.75)  69.80 (20.98)  0.75 (0.16) poly.3  66.15 
727    0.04 (0.02)   0.05 (0.01)  92.93 ( 6.12)   6.38 ( 6.73)  1.73 (0.31) poly.3  95.51 
728   15.85 (0.37)  15.66 (0.13)  84.01 ( 0.84)  84.04 ( 1.52)  0.01 (0.02) poly.2  57.60 
729    0.07 (0.03)   0.11 (0.02)  99.88 ( 0.15)  13.01 (23.20)  1.05 (0.28) poly.3  99.08 
730    0.02 (0.01)   0.06 (0.01)  97.99 ( 2.21)  10.12 (14.14)  1.46 (0.30) poly.3  95.76 
731   39.36 (0.49)  39.57 (0.19)  70.37 ( 1.34)  56.32 ( 5.64) -0.04 (0.04) poly.3  98.86 
732    0.17 (0.04)   0.16 (0.02)  91.53 ( 3.71)  35.45 (24.30)  1.22 (0.24) poly.3  80.55 
733   14.07 (0.35)  14.17 (0.13)  96.88 ( 0.28)  97.08 ( 0.70) -0.40 (0.04) poly.2  55.79 
734    3.28 (0.18)   3.54 (0.07)  98.64 ( 0.23)  98.85 ( 0.50) -0.22 (0.07) poly.2  54.12 
735   15.97 (0.37)  15.72 (0.13)  96.83 ( 0.28)  95.89 ( 1.08) -0.40 (0.03) poly.3  43.95 
736    3.71 (0.19)   3.66 (0.07)  97.94 ( 0.33)  98.66 ( 0.56) -0.19 (0.08) poly.2  38.98 
737    0.03 (0.02)   0.03 (0.01)  91.34 ( 8.74)   1.66 ( 1.55)  2.00 (0.33) poly.3  98.51 
738   12.00 (0.32)  12.42 (0.11)  76.33 ( 1.13)  75.83 ( 2.20)  0.22 (0.03) poly.2  56.31 
739    0.10 (0.03)   0.06 (0.01)  98.55 ( 1.81)   0.89 ( 2.08)  1.70 (0.31) poly.3  99.72 
740    1.35 (0.12)   1.40 (0.05)  79.46 ( 2.63)  65.19 (11.14)  0.79 (0.09) poly.3  60.52 
741    0.35 (0.06)   0.36 (0.02)  98.93 ( 0.49)  91.17 (11.05)  0.36 (0.15) poly.3  49.76 
742    0.24 (0.05)   0.28 (0.02)  97.16 ( 1.35)  27.39 (28.30)  1.05 (0.24) poly.3  94.97 
743    3.06 (0.17)   3.32 (0.07)  98.33 ( 0.28)  97.61 ( 1.20) -0.12 (0.05) poly.2  49.14 
744   42.34 (0.49)  42.36 (0.20)  89.51 ( 0.67)  93.70 ( 1.76) -0.62 (0.06) poly.3  56.67 
745    0.01 (0.01)   0.01 (0.01)  99.88 ( 0.35)   1.86 ( 4.21)  1.60 (0.37) poly.3  99.43 
746    0.07 (0.03)   0.07 (0.01)  99.11 ( 1.00)  12.17 (18.96)  1.30 (0.29) poly.3  96.87 
747    6.30 (0.24)   6.31 (0.11)  98.41 ( 0.25)  88.07 ( 5.99) -0.07 (0.08) poly.3  99.69 
748    1.01 (0.10)   0.95 (0.04)  98.64 ( 0.43)  66.16 (24.32)  0.50 (0.17) poly.3  95.36 
749    4.66 (0.21)   4.86 (0.09)  86.82 ( 1.36)  99.78 ( 0.17) -0.16 (0.07) poly.3 100.00 
750    0.70 (0.08)   0.77 (0.03)  83.96 ( 2.55)  83.12 ( 5.15)  0.72 (0.07) poly.2  56.97 
751   17.20 (0.38)  17.21 (0.14)  97.46 ( 0.23)  97.56 ( 0.58) -0.51 (0.04) poly.2  56.90 
752   72.81 (0.44)  72.53 (0.17)  92.16 ( 0.61)  76.19 ( 4.58) -0.83 (0.05) poly.3 100.00 
753    1.80 (0.13)   1.69 (0.05)  99.27 ( 0.18)  98.64 ( 1.15) -0.12 (0.07) poly.2  49.33 
754    0.16 (0.04)   0.13 (0.02)  96.36 ( 2.35)  17.16 (20.51)  1.31 (0.27) poly.3  93.77 
755    1.21 (0.11)   1.24 (0.04)  99.60 ( 0.13)  98.86 ( 1.32) -0.14 (0.09) poly.2  46.76 
756    0.00 (0.00)   0.01 (0.01)  99.38 ( 1.43)   3.30 ( 5.45)  1.69 (0.36) poly.3  98.31 
757    1.29 (0.11)   1.17 (0.04)  92.73 ( 1.34)  88.95 ( 5.50)  0.45 (0.08) poly.2  46.97 
758    0.00 (0.00)   0.02 (0.01)  93.98 ( 8.02)   6.47 ( 5.70)  1.86 (0.34) poly.3  94.39 
759   29.68 (0.46)  29.01 (0.16)  88.86 ( 0.63)  87.05 ( 1.96) -0.31 (0.03) poly.3  45.25 
760   28.68 (0.45)  29.14 (0.18)  84.99 ( 0.90)  92.21 ( 2.45) -0.39 (0.09) sing.3  57.74 
761   29.91 (0.46)  29.89 (0.18)  79.08 ( 1.08)  72.13 ( 4.35) -0.09 (0.04) poly.3  79.00 
762   16.38 (0.37)  15.78 (0.15)  99.36 ( 0.08)  98.23 ( 0.87) -0.65 (0.05) poly.3  83.29 
763    0.39 (0.06)   0.46 (0.03)  97.29 ( 1.05)  33.22 (29.44)  0.92 (0.22) poly.3  96.77 
764    3.88 (0.19)   4.04 (0.08)  91.70 ( 0.99)  96.82 ( 1.67)  0.01 (0.11) sing.3  46.84 
765    1.13 (0.11)   1.30 (0.04)  80.78 ( 2.59)  96.63 ( 2.66)  0.36 (0.15) poly.3  68.23 
766   25.78 (0.44)  25.99 (0.17)  90.72 ( 0.62)  87.37 ( 2.60) -0.30 (0.04) poly.3  65.98 
767    0.05 (0.02)   0.03 (0.01)  89.34 (10.74)   1.62 ( 1.26)  2.08 (0.34) poly.3  98.38 
768    0.01 (0.01)   0.01 (0.00)  39.30 (30.88)   7.46 ( 6.21)  2.56 (0.42) poly.3  75.67 
769    3.86 (0.19)   3.79 (0.07)  94.57 ( 0.69)  95.62 ( 1.48)  0.05 (0.07) poly.2  48.47 
770   16.72 (0.37)  16.43 (0.14)  86.21 ( 0.89)  89.28 ( 2.40) -0.11 (0.05) poly.3  35.23 
771    3.53 (0.18)   3.64 (0.08)  96.22 ( 0.62)  58.64 (14.62)  0.40 (0.10) poly.3 100.00 
772   24.22 (0.43)  23.00 (0.16)  97.42 ( 0.22)  96.56 ( 0.90) -0.58 (0.03) poly.3  49.07 
773    0.12 (0.03)   0.10 (0.01)  89.08 ( 5.28)  39.09 (22.49)  1.30 (0.24) poly.3  72.61 
774    4.36 (0.20)   4.47 (0.08)  90.45 ( 1.09)  98.81 ( 0.83) -0.09 (0.10) poly.3  80.71 
775    1.98 (0.14)   1.99 (0.06)  94.78 ( 0.98)  60.93 (17.48)  0.55 (0.13) poly.3  98.97 
776    0.66 (0.08)   0.75 (0.03)  97.50 ( 0.70)  96.34 ( 2.76)  0.27 (0.09) poly.2  53.31 
777    5.19 (0.22)   5.32 (0.08)  95.79 ( 0.48)  95.18 ( 1.32) -0.04 (0.04) poly.2  52.91 
778    0.17 (0.04)   0.16 (0.02)  98.18 ( 1.08)  84.69 (17.58)  0.61 (0.19) poly.3  49.28 
779    0.27 (0.05)   0.26 (0.02)  96.38 ( 1.41)  97.99 ( 1.32)  0.37 (0.18) poly.2  43.46 
780    8.86 (0.28)   8.90 (0.12)  97.90 ( 0.27)  99.60 ( 0.27) -0.53 (0.09) poly.3  66.11 
781   14.19 (0.35)  13.92 (0.15)  97.98 ( 0.23)  99.67 ( 0.21) -0.69 (0.08) poly.3  64.87 
782    0.11 (0.03)   0.13 (0.02) 100.00 ( 0.00)  10.27 (20.89)  0.72 (0.27) poly.3  99.98 
783    2.15 (0.15)   2.20 (0.05)  84.53 ( 1.73)  86.73 ( 4.01)  0.47 (0.08) poly.2  51.17 
784    1.54 (0.12)   1.47 (0.05)  98.75 ( 0.30)  98.44 ( 0.96) -0.02 (0.07) poly.2  55.25 
785    1.53 (0.12)   1.82 (0.05)  98.20 ( 0.38)  98.39 ( 0.86) -0.02 (0.08) poly.2  56.45 
786    2.06 (0.14)   2.19 (0.06)  97.65 ( 0.45)  99.58 ( 0.30) -0.24 (0.14) poly.3  50.17 
787    0.01 (0.01)   0.01 (0.00)  73.01 (25.41)   8.02 ( 4.75)  2.24 (0.38) poly.3  87.08 
788    9.34 (0.29)   9.24 (0.11)  87.32 ( 0.93)  88.14 ( 2.34)  0.08 (0.05) poly.2  54.58 
789    3.51 (0.18)   3.67 (0.08)  96.94 ( 0.47)  99.01 ( 0.57) -0.22 (0.11) sing.3  44.52 
790    0.11 (0.03)   0.11 (0.01)  95.75 ( 3.00)   3.99 ( 7.01)  1.57 (0.29) poly.3  98.63 
791    0.00 (0.00)   0.01 (0.00)  98.43 ( 3.46)   3.66 ( 4.33)  1.84 (0.39) poly.3  97.09 
792   27.05 (0.44)  27.38 (0.18)  97.27 ( 0.25)  99.34 ( 0.32) -0.84 (0.07) poly.3  63.11 
793    0.03 (0.02)   0.04 (0.01)  98.70 ( 2.00)   1.71 ( 3.30)  1.70 (0.32) poly.3  99.27 
794   24.46 (0.43)  24.19 (0.16)  75.08 ( 1.12)  77.98 ( 3.18) -0.02 (0.04) poly.2  39.07 
795    0.22 (0.05)   0.26 (0.02)  99.01 ( 0.50)  99.65 ( 0.23)  0.01 (0.20) poly.3  39.16 
796    0.00 (0.00)   0.00 (0.00)  52.85 (50.49)   3.01 ( 4.95)  2.72 (0.57) poly.3  76.69 
797    0.02 (0.01)   0.01 (0.01)  99.75 ( 0.66)   2.38 ( 4.78)  1.63 (0.36) poly.3  99.08 
798    0.00 (0.00)   0.01 (0.00)  99.85 ( 0.36)   3.41 ( 6.88)  1.56 (0.38) poly.3  98.85 
799   39.74 (0.49)  39.72 (0.19)  84.91 ( 0.91)  75.43 ( 4.52) -0.30 (0.04) poly.3  97.02 
800    1.25 (0.11)   1.37 (0.04)  96.72 ( 0.68)  97.11 ( 1.54)  0.16 (0.09) poly.2  56.06 
801    0.63 (0.08)   0.60 (0.03)  87.44 ( 2.86)  44.39 (22.14)  1.00 (0.17) poly.3  86.99 
802    2.86 (0.17)   2.78 (0.06)  95.50 ( 0.66)  95.92 ( 1.56)  0.09 (0.07) poly.2  55.99 
803    0.16 (0.04)   0.11 (0.01)  94.20 ( 3.71)   8.83 (11.69)  1.52 (0.28) poly.3  96.04 
804    0.40 (0.06)   0.39 (0.02)  79.94 ( 4.30)  52.79 (17.95)  1.09 (0.15) poly.3  63.40 
805    4.81 (0.21)   4.78 (0.09)  94.37 ( 0.70)  97.91 ( 1.11) -0.12 (0.10) poly.3  50.45 
806    5.50 (0.23)   5.52 (0.10)  95.28 ( 0.63)  79.32 ( 8.34)  0.17 (0.08) poly.3  99.16 
807    0.41 (0.06)   0.45 (0.03)  96.38 ( 1.20)  88.28 (10.57)  0.52 (0.13) poly.3  43.89 
808    0.91 (0.09)   0.87 (0.03)  93.65 ( 1.32)  92.97 ( 3.08)  0.44 (0.07) poly.2  56.49 
809   14.68 (0.35)  14.42 (0.15)  98.58 ( 0.17)  95.90 ( 1.80) -0.46 (0.06) poly.3  91.37 
810    3.69 (0.19)   3.83 (0.07)  96.14 ( 0.51)  95.30 ( 1.60)  0.02 (0.05) poly.2  51.54 
811    0.37 (0.06)   0.40 (0.03)  98.99 ( 0.47)  80.53 (20.64)  0.46 (0.18) poly.3  69.43 
812    0.05 (0.02)   0.02 (0.01)  95.14 ( 7.21)   1.61 ( 1.60)  1.99 (0.35) poly.3  98.56 
813    9.19 (0.29)   8.75 (0.12)  95.89 ( 0.46)  99.25 ( 0.49) -0.43 (0.10) poly.3  54.93 
814    0.58 (0.08)   0.52 (0.03)  80.26 ( 4.21)  12.78 (13.89)  1.36 (0.19) poly.3  98.83 
815    0.01 (0.01)   0.03 (0.01)  97.18 ( 3.18)  55.23 (30.07)  1.14 (0.29) poly.3  66.45 
816   30.99 (0.46)  30.76 (0.18)  84.19 ( 0.98)  63.09 ( 5.84) -0.08 (0.05) poly.3 100.00 
817    0.04 (0.02)   0.01 (0.00)  77.96 (22.12)   4.98 ( 2.79)  2.24 (0.37) poly.3  92.65 
818    3.26 (0.18)   3.33 (0.07)  86.06 ( 1.42)  88.94 ( 3.29)  0.33 (0.08) poly.2  43.73 
819    0.19 (0.04)   0.21 (0.02)  94.08 ( 2.38)  83.93 (14.04)  0.76 (0.15) poly.2  44.98 
820   19.79 (0.40)  20.47 (0.16)  87.08 ( 0.93)  66.64 ( 6.32)  0.02 (0.05) poly.3 100.00 
821    0.00 (0.00)   0.00 (0.00)   0.00 ( 0.00)   0.00 ( 0.00)  0.00 (0.00) raw    100.00 
822    0.07 (0.03)   0.08 (0.01)  75.60 ( 9.60)  12.98 ( 8.48)  1.77 (0.28) poly.3  87.65 
823    0.00 (0.00)   0.00 (0.00)   0.00 ( 0.00)   0.00 ( 0.00)  0.00 (0.00) raw    100.00 
824    0.42 (0.06)   0.37 (0.02)  97.95 ( 0.80)  98.39 ( 1.30)  0.28 (0.14) poly.2  55.30 
825    0.00 (0.00)   0.00 (0.00)  52.85 (50.49)   3.01 ( 4.95)  2.72 (0.57) poly.3  76.69 
826    0.02 (0.01)   0.02 (0.01)  89.49 (13.26)   4.57 ( 3.12)  2.05 (0.36) poly.3  94.90 
827    0.03 (0.02)   0.02 (0.01)  98.59 ( 2.60)   1.47 ( 2.43)  1.80 (0.34) poly.3  99.16 
828    1.66 (0.13)   1.65 (0.05)  98.66 ( 0.32)  94.51 ( 4.73)  0.08 (0.10) poly.3  58.12 
829    0.02 (0.01)   0.01 (0.00)  94.77 ( 9.89)   2.78 ( 2.24)  2.07 (0.39) poly.3  96.82 
830    0.21 (0.05)   0.18 (0.02)  92.43 ( 3.35)  25.31 (22.77)  1.27 (0.25) poly.3  89.30 
831    0.03 (0.02)   0.04 (0.01)  96.76 ( 3.58)  10.68 (12.56)  1.56 (0.31) poly.3  94.04 
832    0.01 (0.01)   0.01 (0.00)  98.78 ( 2.85)   2.07 ( 2.77)  1.86 (0.38) poly.3  98.47 
833    1.02 (0.10)   0.98 (0.04)  95.79 ( 0.94)  94.48 ( 3.11)  0.33 (0.08) poly.2  53.48 
834    0.00 (0.00)   0.00 (0.00)   4.85 (11.70)   0.71 ( 2.00)  3.40 (0.64) poly.3  51.57 
835   12.35 (0.33)  12.30 (0.12)  89.94 ( 0.71)  88.60 ( 1.96) -0.04 (0.03) poly.2  47.69 
836    1.54 (0.12)   1.47 (0.04)  81.82 ( 2.21)  83.86 ( 5.15)  0.61 (0.09) poly.2  53.94 
837    0.10 (0.03)   0.10 (0.01)  96.17 ( 2.83)   7.30 (11.02)  1.49 (0.29) poly.3  97.23 
838    0.23 (0.05)   0.32 (0.03)  99.30 ( 0.43)   7.73 (14.53)  1.10 (0.25) poly.3  99.84 
839    0.00 (0.00)   0.00 (0.00)   0.00 ( 0.00)   0.00 ( 0.00)  0.00 (0.00) raw    100.00 
840    1.58 (0.12)   1.67 (0.05)  49.98 ( 3.39)  74.08 (10.01)  0.84 (0.14) poly.3  59.15 
841    0.29 (0.05)   0.33 (0.02)  97.23 ( 1.09)  93.99 ( 6.24)  0.46 (0.12) poly.2  50.19 
842    0.16 (0.04)   0.13 (0.02)  93.40 ( 3.67)  10.24 (13.49)  1.47 (0.27) poly.3  95.99 
843    9.16 (0.29)   9.07 (0.11)  94.57 ( 0.51)  93.14 ( 1.79) -0.11 (0.04) poly.2  43.87 
844    1.49 (0.12)   1.61 (0.05)  97.83 ( 0.48)  93.43 ( 4.99)  0.16 (0.09) poly.3  53.37 
845    0.68 (0.08)   0.67 (0.03)  84.22 ( 2.78)  91.19 ( 4.26)  0.60 (0.14) poly.3  36.97 
846    0.44 (0.07)   0.40 (0.03)  81.79 ( 4.17)  42.34 (20.24)  1.14 (0.17) poly.3  77.49 
847    8.42 (0.28)   8.29 (0.10)  94.74 ( 0.48)  94.63 ( 0.94) -0.11 (0.03) poly.2  57.26 
848   31.79 (0.47)  32.25 (0.18)  67.24 ( 1.45)  44.08 ( 5.90)  0.16 (0.05) poly.3 100.00 
849    0.26 (0.05)   0.31 (0.02)  95.30 ( 1.64)  94.38 ( 4.14)  0.55 (0.11) poly.2  56.42 
850    0.32 (0.06)   0.34 (0.02)  92.98 ( 2.36)  50.48 (25.93)  0.96 (0.19) poly.3  79.52 
851    0.77 (0.09)   0.65 (0.04)  99.02 ( 0.40)  38.25 (31.16)  0.73 (0.21) poly.3  99.03 
852    2.47 (0.16)   2.72 (0.06)  95.51 ( 0.67)  96.35 ( 1.40)  0.08 (0.08) poly.2  51.08 
853    4.96 (0.22)   4.54 (0.08)  83.24 ( 1.46)  87.39 ( 3.57)  0.30 (0.07) poly.2  35.29 
854    0.04 (0.02)   0.05 (0.01)  92.11 ( 6.41)   4.70 ( 5.22)  1.78 (0.31) poly.3  96.70 
855    0.01 (0.01)   0.01 (0.00)  74.47 (22.56)   8.30 ( 4.62)  2.19 (0.36) poly.3  87.74 
856    0.00 (0.00)   0.00 (0.00)   0.00 ( 0.00)   0.00 ( 0.00)  0.00 (0.00) raw    100.00 
857    0.00 (0.00)   0.00 (0.00)  10.28 (21.34)   1.16 ( 2.84)  3.21 (0.61) poly.3  59.32 
858    0.26 (0.05)   0.25 (0.02)  92.87 ( 2.51)  82.09 (13.97)  0.77 (0.14) poly.2  43.87 
859    0.00 (0.00)   0.00 (0.00)  76.69 (33.30)   3.88 ( 5.46)  2.48 (0.56) poly.3  82.49 
860    0.09 (0.03)   0.14 (0.02)  98.87 ( 0.96)   3.01 ( 6.98)  1.40 (0.28) poly.3  99.69 
861    0.00 (0.00)   0.00 (0.00)   0.00 ( 0.00)   0.00 ( 0.00)  0.00 (0.00) raw    100.00 
862    0.02 (0.01)   0.03 (0.01)  84.45 (11.21)  54.35 (23.07)  1.45 (0.28) poly.3  48.58 
863    9.02 (0.29)   8.74 (0.12)  92.46 ( 0.75)  98.29 ( 0.96) -0.26 (0.09) poly.3  66.39 
864    0.00 (0.00)   0.01 (0.00)  99.99 ( 0.02)   2.65 ( 7.00)  1.33 (0.38) poly.3  99.77 
865    0.01 (0.01)   0.00 (0.00)  63.02 (39.55)   4.21 ( 3.78)  2.54 (0.46) poly.3  87.38 
866    0.01 (0.01)   0.01 (0.00)  97.99 ( 4.49)   2.95 ( 3.17)  1.92 (0.40) poly.3  97.30 
867    1.13 (0.11)   1.09 (0.04)  85.42 ( 2.09)  84.77 ( 4.23)  0.63 (0.06) poly.2  57.04 
868    0.00 (0.00)   0.00 (0.00)  88.70 (19.61)   4.32 ( 4.40)  2.27 (0.51) poly.3  89.87 
869    0.37 (0.06)   0.44 (0.03)  98.87 ( 0.48)  90.06 (11.73)  0.35 (0.15) poly.3  53.88 
870    4.05 (0.20)   4.31 (0.08)  93.19 ( 0.77)  93.50 ( 1.95)  0.11 (0.06) poly.2  57.00 
871    0.00 (0.00)   0.00 (0.00)   0.00 ( 0.00)   0.00 ( 0.00)  0.00 (0.00) raw    100.00 
872    1.29 (0.11)   1.36 (0.04)  84.29 ( 2.00)  83.86 ( 3.89)  0.61 (0.06) poly.2  57.31 
873    0.05 (0.02)   0.02 (0.01)  78.54 (16.75)   4.46 ( 2.42)  2.15 (0.34) poly.3  94.47 
874    0.04 (0.02)   0.04 (0.01)  73.16 (13.74)  11.70 ( 6.17)  1.95 (0.31) poly.3  86.44 
875    5.60 (0.23)   5.31 (0.08)  93.62 ( 0.68)  93.76 ( 1.76)  0.04 (0.05) poly.2  57.45 
876    0.34 (0.06)   0.28 (0.02)  95.71 ( 1.81)  35.99 (28.86)  1.03 (0.23) poly.3  89.70 
877    4.43 (0.21)   4.38 (0.07)  94.55 ( 0.63)  93.68 ( 1.78)  0.07 (0.04) poly.2  52.22 
878    0.63 (0.08)   0.69 (0.04)  99.12 ( 0.34)  77.94 (20.87)  0.41 (0.18) poly.3  84.15 
879    0.42 (0.06)   0.36 (0.03)  86.81 ( 3.88)   3.56 ( 6.52)  1.52 (0.23) poly.3  99.78 
880    0.00 (0.00)   0.00 (0.00)  35.85 (32.40)   7.24 ( 7.06)  2.61 (0.44) poly.3  71.58 
881    1.31 (0.11)   1.39 (0.05)  98.92 ( 0.31)  40.73 (24.82)  0.58 (0.17) poly.3  99.98 
882    0.00 (0.00)   0.00 (0.00)   0.00 ( 0.00)   0.00 ( 0.00)  0.00 (0.00) raw    100.00 
883    1.19 (0.11)   1.08 (0.04)  97.46 ( 0.63)  94.17 ( 4.57)  0.24 (0.09) poly.2  43.34 
884    0.03 (0.02)   0.04 (0.01)  99.33 ( 1.06)   2.95 ( 6.17)  1.55 (0.31) poly.3  99.16 
885    0.33 (0.06)   0.31 (0.02)  98.48 ( 0.78)  42.48 (33.39)  0.86 (0.23) poly.3  92.37 
886    0.01 (0.01)   0.00 (0.00)  45.33 (37.03)   5.84 ( 5.51)  2.60 (0.44) poly.3  79.17 
887    0.00 (0.00)   0.02 (0.01)  88.50 (11.97)  18.37 (11.97)  1.78 (0.33) poly.3  82.17 
888    0.57 (0.08)   0.74 (0.03)  97.43 ( 0.71)  99.09 ( 0.51)  0.04 (0.16) poly.3  39.72 
889    0.14 (0.04)   0.21 (0.02)  95.16 ( 2.13)  66.41 (24.30)  0.86 (0.19) poly.3  62.66 
890    0.00 (0.00)   0.02 (0.01)  98.43 ( 3.01)   3.59 ( 4.92)  1.76 (0.35) poly.3  97.73 
891    0.00 (0.00)   0.00 (0.00)  62.01 (38.37)   5.41 ( 4.77)  2.50 (0.45) poly.3  84.58 
892    0.07 (0.03)   0.09 (0.01)  83.55 ( 6.46)  84.05 (12.75)  1.07 (0.20) poly.2  56.82 
893    0.01 (0.01)   0.01 (0.00)  92.86 (13.62)   3.85 ( 2.99)  2.14 (0.42) poly.3  94.58 
894    0.42 (0.06)   0.38 (0.03)  97.25 ( 1.12)  49.22 (30.61)  0.84 (0.21) poly.3  88.39 
895    0.01 (0.01)   0.02 (0.01)  94.17 ( 8.45)   1.42 ( 1.28)  2.05 (0.35) poly.3  98.63 
896    1.00 (0.10)   1.09 (0.05)  99.70 ( 0.11)  95.77 ( 5.41) -0.03 (0.13) poly.3  64.31 
897    1.36 (0.12)   1.38 (0.05)  95.14 ( 0.93)  97.42 ( 1.27)  0.16 (0.12) poly.3  36.83 
898    0.01 (0.01)   0.03 (0.01)  70.38 (14.59)  29.23 (13.59)  1.78 (0.29) poly.3  64.42 
899    0.24 (0.05)   0.27 (0.02)  99.83 ( 0.15)   4.80 (10.64)  1.08 (0.26) poly.3  99.95 
900    0.71 (0.08)   0.79 (0.03)  92.60 ( 1.61)  85.65 ( 8.55)  0.56 (0.10) poly.2  42.38 
901   15.82 (0.36)  15.38 (0.13)  90.84 ( 0.64)  91.68 ( 1.60) -0.17 (0.04) poly.2  51.07 
902    0.88 (0.09)   0.86 (0.04)  92.22 ( 1.76)  63.35 (19.41)  0.73 (0.14) poly.3  82.33 
903   10.11 (0.30)   9.67 (0.11)  96.05 ( 0.39)  96.34 ( 0.95) -0.24 (0.05) poly.2  55.41 
904    0.00 (0.00)   0.01 (0.01)  99.92 ( 0.23)   1.89 ( 4.42)  1.57 (0.38) poly.3  99.48 
905    0.03 (0.02)   0.02 (0.01)  93.98 ( 7.67)   4.01 ( 3.74)  1.90 (0.34) poly.3  96.56 
906   14.69 (0.35)  14.30 (0.12)  80.03 ( 0.98)  79.93 ( 1.81)  0.11 (0.02) poly.2  57.52 
907    0.00 (0.00)   0.00 (0.00)   0.00 ( 0.00)   0.00 ( 0.00)  0.00 (0.00) raw    100.00 
908    0.05 (0.02)   0.03 (0.01)  69.11 (16.90)  10.69 ( 5.23)  2.07 (0.33) poly.3  85.98 
909    0.56 (0.07)   0.52 (0.03)  81.80 ( 4.05)   6.97 ( 9.59)  1.43 (0.20) poly.3  99.76 
910    0.00 (0.00)   0.00 (0.00)  76.69 (33.30)   3.88 ( 5.46)  2.48 (0.56) poly.3  82.49 
911    0.00 (0.00)   0.00 (0.00)   0.00 ( 0.00)   0.00 ( 0.00)  0.00 (0.00) raw    100.00 
912    7.29 (0.26)   7.42 (0.09)  94.30 ( 0.53)  94.23 ( 1.01) -0.07 (0.03) poly.2  57.49 
913    0.06 (0.02)   0.10 (0.01)  96.25 ( 2.79)   5.93 ( 9.56)  1.52 (0.29) poly.3  97.88 
914    0.02 (0.01)   0.03 (0.01)  99.99 ( 0.04)   3.94 ( 9.84)  1.26 (0.32) poly.3  99.76 
915    0.04 (0.02)   0.06 (0.01)  91.50 ( 6.66)   4.29 ( 4.67)  1.80 (0.31) poly.3  96.90 
916    0.00 (0.00)   0.00 (0.00)   0.00 ( 0.00)   0.00 ( 0.00)  0.00 (0.00) raw    100.00 
917    6.52 (0.25)   6.38 (0.10)  95.52 ( 0.56)  88.41 ( 4.92)  0.03 (0.07) poly.3  84.63 
918    0.00 (0.00)   0.00 (0.00)   0.00 ( 0.00)   0.00 ( 0.00)  0.00 (0.00) raw    100.00 
919    0.00 (0.00)   0.00 (0.00)   0.00 ( 0.00)   0.00 ( 0.00)  0.00 (0.00) raw    100.00 
920    3.48 (0.18)   3.45 (0.08)  98.49 ( 0.28)  91.55 ( 5.62)  0.01 (0.09) poly.3  87.49 
921    0.01 (0.01)   0.00 (0.00)  22.68 (30.90)   2.91 ( 4.25)  2.91 (0.50) poly.3  73.88 
922    0.00 (0.00)   0.00 (0.00)   0.00 ( 0.00)   0.00 ( 0.00)  0.00 (0.00) raw    100.00 
923    0.00 (0.00)   0.01 (0.00)  99.51 ( 1.08)   3.79 ( 5.90)  1.69 (0.40) poly.3  97.78 
924    2.46 (0.15)   2.29 (0.06)  85.43 ( 1.70)  78.82 ( 6.71)  0.53 (0.07) poly.3  47.80 
925    5.71 (0.23)   5.55 (0.09)  95.35 ( 0.59)  89.27 ( 4.63)  0.06 (0.07) poly.3  75.83 
926    2.53 (0.16)   2.46 (0.06)  83.74 ( 1.70)  84.60 ( 4.23)  0.48 (0.07) poly.2  56.54 
927    0.11 (0.03)   0.07 (0.01)  82.66 ( 8.95)  13.93 ( 9.79)  1.72 (0.29) poly.3  87.83 
928    0.00 (0.00)   0.00 (0.00)   0.00 ( 0.00)   0.00 ( 0.00)  0.00 (0.00) raw    100.00 
929    0.00 (0.00)   0.00 (0.00)   0.00 ( 0.00)   0.00 ( 0.00)  0.00 (0.00) raw    100.00 
930    0.11 (0.03)   0.08 (0.01)  91.22 ( 5.93)   4.26 ( 5.26)  1.74 (0.30) poly.3  97.31 
931    0.09 (0.03)   0.07 (0.01)  88.05 ( 7.52)   5.05 ( 5.05)  1.80 (0.30) poly.3  96.17 
932    1.29 (0.11)   1.38 (0.04)  94.27 ( 1.04)  95.73 ( 1.89)  0.26 (0.10) poly.2  48.23 
933    1.30 (0.11)   1.02 (0.04)  67.86 ( 3.32)  69.20 ( 8.06)  0.92 (0.09) poly.2  56.84 
934    0.00 (0.00)   0.00 (0.00)   0.00 ( 0.00)   0.00 ( 0.00)  0.00 (0.00) raw    100.00 
935    0.02 (0.01)   0.02 (0.01)  82.61 (15.75)  14.92 ( 8.78)  1.92 (0.34) poly.3  83.17 
936    0.00 (0.00)   0.00 (0.00)   0.00 ( 0.00)   0.00 ( 0.00)  0.00 (0.00) raw    100.00 
937    0.00 (0.00)   0.00 (0.00)   0.00 ( 0.00)   0.00 ( 0.00)  0.00 (0.00) raw    100.00 
938    0.00 (0.00)   0.00 (0.00)   0.00 ( 0.00)   0.00 ( 0.00)  0.00 (0.00) raw    100.00 
939    0.01 (0.01)   0.01 (0.00)  63.78 (34.17)   6.52 ( 4.89)  2.42 (0.42) poly.3  84.84 
940    0.68 (0.08)   0.71 (0.03)  93.80 ( 1.46)  88.76 ( 7.22)  0.52 (0.10) poly.2  46.11 
941    0.42 (0.06)   0.43 (0.03)  97.95 ( 0.75)  97.92 ( 2.01)  0.28 (0.14) poly.2  56.79 
942    0.00 (0.00)   0.00 (0.00)  88.70 (19.61)   4.32 ( 4.40)  2.27 (0.51) poly.3  89.87 
943    0.04 (0.02)   0.05 (0.01)  76.60 (11.99)   7.52 ( 4.65)  1.95 (0.31) poly.3  92.08 
944    0.00 (0.00)   0.00 (0.00)   0.00 ( 0.00)   0.00 ( 0.00)  0.00 (0.00) raw    100.00 
945    0.00 (0.00)   0.00 (0.00)   0.00 ( 0.00)   0.00 ( 0.00)  0.00 (0.00) raw    100.00 
946    0.00 (0.00)   0.00 (0.00)   0.00 ( 0.00)   0.00 ( 0.00)  0.00 (0.00) raw    100.00 
947    0.02 (0.01)   0.08 (0.01)  92.34 ( 5.08)   5.94 ( 7.49)  1.66 (0.30) poly.3  96.62 
948    0.00 (0.00)   0.00 (0.00)  99.89 ( 0.15)   2.78 ( 6.11)  1.50 (0.46) poly.3  99.11 
949    0.00 (0.00)   0.00 (0.00)   0.00 ( 0.00)   0.00 ( 0.00)  0.00 (0.00) raw    100.00 
950    0.00 (0.00)   0.00 (0.00)   0.00 ( 0.00)   0.00 ( 0.00)  0.00 (0.00) raw    100.00 
951    0.52 (0.07)   0.52 (0.03)  80.58 ( 3.40)  82.66 ( 7.61)  0.82 (0.12) poly.2  55.64 
952    0.36 (0.06)   0.29 (0.02)  97.11 ( 1.35)  28.38 (28.55)  1.04 (0.24) poly.3  94.98 
953    0.00 (0.00)   0.00 (0.00)   0.00 ( 0.00)   0.00 ( 0.00)  0.00 (0.00) raw    100.00 
954    0.00 (0.00)   0.00 (0.00)  40.65 (39.74)   5.49 ( 6.46)  2.66 (0.48) poly.3  73.71 
955    0.00 (0.00)   0.00 (0.00)   0.00 ( 0.00)   0.00 ( 0.00)  0.00 (0.00) raw    100.00 
956    0.54 (0.07)   0.59 (0.03)  93.64 ( 1.80)  41.16 (26.10)  0.93 (0.19) poly.3  93.91 
957    0.04 (0.02)   0.01 (0.00)  94.46 ( 9.23)   2.65 ( 2.20)  2.03 (0.37) poly.3  97.26 
958    0.09 (0.03)   0.09 (0.01)  92.22 ( 4.02)  85.50 (13.45)  0.91 (0.18) poly.2  51.43 
959    0.48 (0.07)   0.51 (0.03)  99.07 ( 0.37)  96.65 ( 4.30)  0.19 (0.12) poly.2  46.29 
960    0.00 (0.00)   0.00 (0.00)   0.00 ( 0.00)   0.00 ( 0.00)  0.00 (0.00) raw    100.00 
961    0.00 (0.00)   0.00 (0.00)   0.00 ( 0.00)   0.00 ( 0.00)  0.00 (0.00) raw    100.00 
962    0.35 (0.06)   0.40 (0.03)  98.45 ( 0.73)  18.35 (24.11)  1.01 (0.24) poly.3  99.26 
963    0.00 (0.00)   0.00 (0.00)   0.00 ( 0.00)   0.00 ( 0.00)  0.00 (0.00) raw    100.00 
964    0.00 (0.00)   0.00 (0.00)  64.52 (42.98)   4.08 ( 4.50)  2.56 (0.50) poly.3  84.67 
965    0.01 (0.01)   0.01 (0.00)  62.27 (25.95)   5.07 ( 2.67)  2.39 (0.37) poly.3  90.84 
966    0.00 (0.00)   0.00 (0.00)   0.00 ( 0.00)   0.00 ( 0.00)  0.00 (0.00) raw    100.00 
967    0.00 (0.00)   0.00 (0.00)   0.00 ( 0.00)   0.00 ( 0.00)  0.00 (0.00) raw    100.00 
968    0.00 (0.00)   0.00 (0.00)   0.00 ( 0.00)   0.00 ( 0.00)  0.00 (0.00) raw    100.00 
969    0.00 (0.00)   0.00 (0.00)   0.00 ( 0.00)   0.00 ( 0.00)  0.00 (0.00) raw    100.00 
970    0.30 (0.05)   0.38 (0.03)  96.07 ( 1.49)  41.27 (29.37)  0.94 (0.21) poly.3  91.25 
971    0.34 (0.06)   0.29 (0.02)  89.82 ( 2.98)  81.10 (12.32)  0.82 (0.13) poly.2  46.74 
972    0.00 (0.00)   0.00 (0.00)   0.00 ( 0.00)   0.00 ( 0.00)  0.00 (0.00) raw    100.00 
973    1.53 (0.12)   1.40 (0.04)  77.45 ( 2.52)  78.98 ( 6.11)  0.70 (0.08) poly.2  56.01 
974    1.09 (0.10)   1.13 (0.05)  98.44 ( 0.44)  78.27 (17.24)  0.38 (0.15) poly.3  88.86 
975    0.00 (0.00)   0.00 (0.00)  52.85 (50.49)   3.01 ( 4.95)  2.72 (0.57) poly.3  76.69 
976    0.00 (0.00)   0.00 (0.00)  34.70 (46.87)   2.36 ( 4.40)  2.88 (0.58) poly.3  71.84 
977    1.81 (0.13)   1.76 (0.05)  89.68 ( 1.40)  88.80 ( 3.17)  0.43 (0.06) poly.2  55.80 
978    0.00 (0.00)   0.00 (0.00)   0.00 ( 0.00)   0.00 ( 0.00)  0.00 (0.00) raw    100.00 
979    0.00 (0.00)   0.00 (0.00)   0.00 ( 0.00)   0.00 ( 0.00)  0.00 (0.00) raw    100.00 
980    0.00 (0.00)   0.00 (0.00)   0.00 ( 0.00)   0.00 ( 0.00)  0.00 (0.00) raw    100.00 
981    0.00 (0.00)   0.00 (0.00)   0.00 ( 0.00)   0.00 ( 0.00)  0.00 (0.00) raw    100.00 
982    0.00 (0.00)   0.00 (0.00)   0.00 ( 0.00)   0.00 ( 0.00)  0.00 (0.00) raw    100.00 
983    0.00 (0.00)   0.00 (0.00)   0.00 ( 0.00)   0.00 ( 0.00)  0.00 (0.00) raw    100.00 
984    9.80 (0.30)   9.43 (0.11)  96.44 ( 0.36)  96.80 ( 0.85) -0.26 (0.05) poly.2  53.42 
985    0.00 (0.00)   0.00 (0.00)  20.43 (28.35)   3.12 ( 4.59)  2.91 (0.50) poly.3  71.11 
986    0.05 (0.02)   0.05 (0.01)  85.68 ( 8.92)  17.79 (11.91)  1.67 (0.29) poly.3  84.49 
987    0.57 (0.08)   0.54 (0.03)  90.98 ( 2.20)  78.00 (13.31)  0.72 (0.12) poly.3  49.61 
988    0.00 (0.00)   0.00 (0.00)   0.00 ( 0.00)   0.00 ( 0.00)  0.00 (0.00) raw    100.00 
989    0.00 (0.00)   0.00 (0.00)  82.48 (28.93)   4.21 ( 4.34)  2.38 (0.50) poly.3  88.40 
990    0.02 (0.01)   0.01 (0.00)  97.70 ( 4.99)   3.25 ( 3.36)  1.92 (0.39) poly.3  96.98 
991    0.00 (0.00)   0.00 (0.00)   0.00 ( 0.00)   0.00 ( 0.00)  0.00 (0.00) raw    100.00 
992    0.00 (0.00)   0.00 (0.00)   0.00 ( 0.00)   0.00 ( 0.00)  0.00 (0.00) raw    100.00 
993    0.00 (0.00)   0.00 (0.00)   0.00 ( 0.00)   0.00 ( 0.00)  0.00 (0.00) raw    100.00 
994    0.00 (0.00)   0.00 (0.00)   0.00 ( 0.00)   0.00 ( 0.00)  0.00 (0.00) raw    100.00 
995    0.00 (0.00)   0.00 (0.00)   0.00 ( 0.00)   0.00 ( 0.00)  0.00 (0.00) raw    100.00 
996    0.00 (0.00)   0.00 (0.00)   0.00 ( 0.00)   0.00 ( 0.00)  0.00 (0.00) raw    100.00 
997    0.00 (0.00)   0.00 (0.00)   0.00 ( 0.00)   0.00 ( 0.00)  0.00 (0.00) raw    100.00 
998    0.00 (0.00)   0.02 (0.01)  99.74 ( 0.62)   4.43 ( 8.35)  1.54 (0.35) poly.3  98.48 
999    0.00 (0.00)   0.00 (0.00)   0.00 ( 0.00)   0.00 ( 0.00)  0.00 (0.00) raw    100.00 
1000   0.00 (0.00)   0.00 (0.00)   0.00 ( 0.00)   0.00 ( 0.00)  0.00 (0.00) raw    100.00 
1001   0.00 (0.00)   0.00 (0.00)   0.00 ( 0.00)   0.00 ( 0.00)  0.00 (0.00) raw    100.00 
1002   0.00 (0.00)   0.00 (0.00)   0.00 ( 0.00)   0.00 ( 0.00)  0.00 (0.00) raw    100.00 
1003   0.00 (0.00)   0.00 (0.00)   0.00 ( 0.00)   0.00 ( 0.00)  0.00 (0.00) raw    100.00 
1004   0.00 (0.00)   0.01 (0.00)  51.62 (29.33)  13.36 ( 9.18)  2.32 (0.39) poly.3  70.55 
1005   0.00 (0.00)   0.00 (0.00)  52.85 (50.49)   3.01 ( 4.95)  2.72 (0.57) poly.3  76.69 
1006   0.00 (0.00)   0.00 (0.00)   0.00 ( 0.00)   0.00 ( 0.00)  0.00 (0.00) raw    100.00 
1007   0.00 (0.00)   0.00 (0.00)   0.00 ( 0.00)   0.00 ( 0.00)  0.00 (0.00) raw    100.00 
1008   0.00 (0.00)   0.00 (0.00)   0.00 ( 0.00)   0.00 ( 0.00)  0.00 (0.00) raw    100.00 
1009   0.00 (0.00)   0.00 (0.00)   0.00 ( 0.00)   0.00 ( 0.00)  0.00 (0.00) raw    100.00 
1010   0.00 (0.00)   0.00 (0.00)   0.00 ( 0.00)   0.00 ( 0.00)  0.00 (0.00) raw    100.00 
1011   0.00 (0.00)   0.00 (0.00)  76.69 (33.30)   3.88 ( 5.46)  2.48 (0.56) poly.3  82.49 
1012   0.00 (0.00)   0.00 (0.00)   0.00 ( 0.00)   0.00 ( 0.00)  0.00 (0.00) raw    100.00 
1013   0.00 (0.00)   0.00 (0.00)   0.00 ( 0.00)   0.00 ( 0.00)  0.00 (0.00) raw    100.00 
1014   0.00 (0.00)   0.00 (0.00)   0.00 ( 0.00)   0.00 ( 0.00)  0.00 (0.00) raw    100.00 
1015   0.00 (0.00)   0.00 (0.00)   0.00 ( 0.00)   0.00 ( 0.00)  0.00 (0.00) raw    100.00 
1016   0.00 (0.00)   0.00 (0.00)   0.00 ( 0.00)   0.00 ( 0.00)  0.00 (0.00) raw    100.00 
1017   0.07 (0.03)   0.10 (0.01)  94.26 ( 3.29)  69.60 (23.31)  0.97 (0.21) poly.3  51.32 
1018   0.00 (0.00)   0.00 (0.00)   0.00 ( 0.00)   0.00 ( 0.00)  0.00 (0.00) raw    100.00 
1019   0.44 (0.07)   0.39 (0.03)  84.59 ( 3.83)  41.42 (21.60)  1.12 (0.18) poly.3  80.36 
1020   0.00 (0.00)   0.03 (0.01)  99.00 ( 1.85)   2.17 ( 3.92)  1.70 (0.33) poly.3  99.00 
1021   0.00 (0.00)   0.00 (0.00)   0.00 ( 0.00)   0.00 ( 0.00)  0.00 (0.00) raw    100.00 
1022   0.00 (0.00)   0.00 (0.00)   0.00 ( 0.00)   0.00 ( 0.00)  0.00 (0.00) raw    100.00 
1023   0.00 (0.00)   0.00 (0.00)   0.00 ( 0.00)   0.00 ( 0.00)  0.00 (0.00) raw    100.00 
1024   0.00 (0.00)   0.00 (0.00)   0.00 ( 0.00)   0.00 ( 0.00)  0.00 (0.00) raw    100.00 
1025   0.00 (0.00)   0.00 (0.00)   0.00 ( 0.00)   0.00 ( 0.00)  0.00 (0.00) raw    100.00 
1026   0.00 (0.00)   0.00 (0.00)   0.00 ( 0.00)   0.00 ( 0.00)  0.00 (0.00) raw    100.00 
1027   0.00 (0.00)   0.00 (0.00)   0.00 ( 0.00)   0.00 ( 0.00)  0.00 (0.00) raw    100.00 
1028   0.00 (0.00)   0.00 (0.00)   0.00 ( 0.00)   0.00 ( 0.00)  0.00 (0.00) raw    100.00 
1029   0.82 (0.09)   0.82 (0.04)  89.17 ( 2.14)  73.80 (13.38)  0.71 (0.11) poly.3  58.34 
1030   0.00 (0.00)   0.00 (0.00)   0.00 ( 0.00)   0.00 ( 0.00)  0.00 (0.00) raw    100.00 
1031   0.00 (0.00)   0.00 (0.00)   0.00 ( 0.00)   0.00 ( 0.00)  0.00 (0.00) raw    100.00 
1032   0.00 (0.00)   0.00 (0.00)   0.00 ( 0.00)   0.00 ( 0.00)  0.00 (0.00) raw    100.00 
1033   0.00 (0.00)   0.00 (0.00)   0.00 ( 0.00)   0.00 ( 0.00)  0.00 (0.00) raw    100.00 
1034   0.00 (0.00)   0.00 (0.00)   0.00 ( 0.00)   0.00 ( 0.00)  0.00 (0.00) raw    100.00 
1035   0.00 (0.00)   0.00 (0.00)   0.00 ( 0.00)   0.00 ( 0.00)  0.00 (0.00) raw    100.00 
1036   0.00 (0.00)   0.00 (0.00)   0.00 ( 0.00)   0.00 ( 0.00)  0.00 (0.00) raw    100.00 
1037   0.00 (0.00)   0.00 (0.00)   0.00 ( 0.00)   0.00 ( 0.00)  0.00 (0.00) raw    100.00 
1038   0.00 (0.00)   0.00 (0.00)   0.00 ( 0.00)   0.00 ( 0.00)  0.00 (0.00) raw    100.00 
1039   0.00 (0.00)   0.00 (0.00)   0.00 ( 0.00)   0.00 ( 0.00)  0.00 (0.00) raw    100.00 
1040   0.00 (0.00)   0.00 (0.00)   0.00 ( 0.00)   0.00 ( 0.00)  0.00 (0.00) raw    100.00 
1041   0.01 (0.01)   0.02 (0.01)  83.81 (11.90)  44.24 (21.04)  1.54 (0.29) poly.3  56.90 
1042   0.00 (0.00)   0.00 (0.00)   0.00 ( 0.00)   0.00 ( 0.00)  0.00 (0.00) raw    100.00 
1043   0.00 (0.00)   0.00 (0.00)   0.00 ( 0.00)   0.00 ( 0.00)  0.00 (0.00) raw    100.00 
1044   0.00 (0.00)   0.00 (0.00)   0.00 ( 0.00)   0.00 ( 0.00)  0.00 (0.00) raw    100.00 
1045   0.00 (0.00)   0.00 (0.00)   0.00 ( 0.00)   0.00 ( 0.00)  0.00 (0.00) raw    100.00 
1046   0.00 (0.00)   0.00 (0.00)   0.00 ( 0.00)   0.00 ( 0.00)  0.00 (0.00) raw    100.00 
1047   0.00 (0.00)   0.00 (0.00)   0.00 ( 0.00)   0.00 ( 0.00)  0.00 (0.00) raw    100.00 
1048   0.00 (0.00)   0.00 (0.00)   0.00 ( 0.00)   0.00 ( 0.00)  0.00 (0.00) raw    100.00 
1049   0.00 (0.00)   0.00 (0.00)   0.00 ( 0.00)   0.00 ( 0.00)  0.00 (0.00) raw    100.00 
1050   0.00 (0.00)   0.00 (0.00)   0.00 ( 0.00)   0.00 ( 0.00)  0.00 (0.00) raw    100.00 
1051   0.00 (0.00)   0.00 (0.00)   0.00 ( 0.00)   0.00 ( 0.00)  0.00 (0.00) raw    100.00 
1052   0.00 (0.00)   0.00 (0.00)   0.00 ( 0.00)   0.00 ( 0.00)  0.00 (0.00) raw    100.00 
1053 100.00 (0.00) 100.00 (0.00) 100.00 ( 0.00) 100.00 ( 0.00)  0.00 (0.00) raw    100.00 
