
Corrected P-values by Akaike Weights Averaging (percent,Frequentist):
    raw           k.1           k.2            k.3            beta0        model  weight 
1    86.14 (0.35)  85.86 (0.14)  99.98 ( 0.00) 100.00 ( 0.00) -2.48 (0.08) poly.3  64.70 
2    98.99 (0.10)  98.97 (0.04) 100.00 ( 0.00)  99.95 ( 0.06) -2.97 (0.11) poly.3  94.28 
3    92.21 (0.27)  92.28 (0.10)  99.95 ( 0.01)  99.67 ( 0.19) -2.21 (0.06) poly.3  99.86 
4    64.36 (0.48)  64.08 (0.17)  98.82 ( 0.10)  98.56 ( 0.33) -1.30 (0.03) poly.3  42.61 
5    71.97 (0.45)  71.77 (0.16)  99.84 ( 0.02)  99.82 ( 0.04) -1.75 (0.02) poly.2  52.36 
6    98.05 (0.14)  98.03 (0.05)  99.99 ( 0.00)  99.99 ( 0.00) -2.94 (0.06) poly.2  57.36 
7    91.82 (0.27)  91.60 (0.10)  99.97 ( 0.00)  99.97 ( 0.01) -2.41 (0.03) poly.2  57.18 
8    81.56 (0.39)  81.20 (0.14)  99.85 ( 0.02)  99.84 ( 0.04) -1.92 (0.02) poly.2  53.33 
9    25.55 (0.44)  24.96 (0.18)  94.97 ( 0.44)  89.30 ( 3.05) -0.38 (0.05) poly.3  96.55 
10   70.24 (0.46)  69.85 (0.17)  99.69 ( 0.03)  99.54 ( 0.16) -1.60 (0.03) poly.3  56.88 
11   82.56 (0.38)  82.08 (0.14)  99.38 ( 0.06)  99.27 ( 0.18) -1.70 (0.03) poly.2  47.28 
12   83.96 (0.37)  83.68 (0.14)  99.41 ( 0.07)  98.99 ( 0.37) -1.71 (0.04) poly.3  68.34 
13   55.44 (0.50)  55.22 (0.19)  77.36 ( 1.16)  56.13 ( 5.58) -0.29 (0.04) poly.3 100.00 
14   68.21 (0.47)  68.10 (0.18)  98.68 ( 0.13)  97.47 ( 0.83) -1.28 (0.04) poly.3  87.76 
15   83.07 (0.38)  82.94 (0.14)  99.71 ( 0.03)  99.66 ( 0.09) -1.85 (0.03) poly.2  48.71 
16   34.28 (0.47)  33.96 (0.19)  88.91 ( 0.75)  96.69 ( 1.10) -0.57 (0.05) poly.3  95.92 
17   36.73 (0.48)  36.25 (0.17)  97.61 ( 0.17)  97.54 ( 0.34) -0.81 (0.02) poly.2  56.50 
18   57.07 (0.49)  56.71 (0.19)  84.92 ( 0.91)  57.02 ( 5.60) -0.39 (0.04) poly.3 100.00 
19   45.13 (0.50)  45.15 (0.17)  97.17 ( 0.18)  97.17 ( 0.33) -0.89 (0.02) poly.2  57.61 
20   42.50 (0.49)  41.63 (0.17)  95.63 ( 0.27)  95.31 ( 0.65) -0.74 (0.02) poly.2  51.93 
21   55.32 (0.50)  54.82 (0.19)  99.95 ( 0.01)  99.90 ( 0.05) -1.66 (0.04) poly.3  67.93 
22   25.02 (0.43)  25.17 (0.16)  94.82 ( 0.38)  95.76 ( 0.93) -0.51 (0.04) poly.2  38.47 
23   35.77 (0.48)  35.27 (0.17)  94.91 ( 0.34)  94.00 ( 1.07) -0.61 (0.03) poly.3  42.69 
24   76.69 (0.42)  76.50 (0.16)  99.78 ( 0.02)  99.71 ( 0.09) -1.77 (0.03) poly.3  43.68 
25   57.88 (0.49)  57.47 (0.19)  99.67 ( 0.04)  99.79 ( 0.07) -1.51 (0.05) poly.3  39.37 
26   25.64 (0.44)  25.72 (0.17)  98.98 ( 0.10)  99.16 ( 0.22) -0.86 (0.04) poly.2  45.63 
27   64.60 (0.48)  64.45 (0.18)  90.04 ( 0.68)  83.63 ( 3.44) -0.75 (0.04) poly.3  94.42 
28   28.74 (0.45)  28.61 (0.19)  99.30 ( 0.08)  99.75 ( 0.12) -1.06 (0.06) poly.3  50.70 
29   16.62 (0.37)  16.67 (0.14)  97.23 ( 0.25)  97.68 ( 0.59) -0.50 (0.04) poly.2  46.46 
30   20.03 (0.40)  19.20 (0.14)  99.01 ( 0.10)  98.89 ( 0.26) -0.72 (0.03) poly.2  52.94 
31    9.43 (0.29)   9.39 (0.12)  87.86 ( 0.98)  91.99 ( 2.45) -0.01 (0.07) sing.3  41.10 
32   21.77 (0.41)  22.45 (0.17)  98.86 ( 0.12)  99.92 ( 0.05) -1.08 (0.09) poly.3  58.46 
33   36.47 (0.48)  36.50 (0.18)  97.78 ( 0.18)  98.26 ( 0.43) -0.87 (0.04) poly.2  35.96 
34   44.39 (0.50)  44.06 (0.20)  94.66 ( 0.43)  77.34 ( 4.48) -0.52 (0.04) poly.3 100.00 
35   45.38 (0.50)  44.86 (0.20)  98.48 ( 0.15)  99.53 ( 0.22) -1.15 (0.06) poly.3  64.31 
36   16.27 (0.37)  16.14 (0.14)  90.49 ( 0.68)  87.55 ( 2.65) -0.13 (0.04) poly.3  55.52 
37    9.87 (0.30)   9.67 (0.13)  99.22 ( 0.11)  99.78 ( 0.13) -0.71 (0.08) poly.3  52.25 
38   47.33 (0.50)  47.12 (0.20)  98.81 ( 0.12)  99.85 ( 0.07) -1.33 (0.07) poly.3  73.79 
39   36.12 (0.48)  35.80 (0.20)  98.22 ( 0.18)  86.06 ( 3.58) -0.61 (0.05) poly.3 100.00 
40   25.09 (0.43)  24.83 (0.18)  98.29 ( 0.17)  99.12 ( 0.34) -0.80 (0.06) poly.3  47.14 
41   32.56 (0.47)  31.85 (0.18)  96.91 ( 0.25)  95.57 ( 1.15) -0.66 (0.03) poly.3  61.97 
42   23.13 (0.42)  22.81 (0.15)  98.89 ( 0.10)  98.80 ( 0.24) -0.76 (0.03) poly.2  54.57 
43   30.47 (0.46)  30.49 (0.19)  96.93 ( 0.27)  98.56 ( 0.56) -0.79 (0.06) sing.3  48.73 
44   49.70 (0.50)  49.27 (0.20)  99.56 ( 0.05)  99.90 ( 0.05) -1.45 (0.06) poly.3  61.48 
45   62.86 (0.48)  63.05 (0.17)  91.71 ( 0.42)  91.63 ( 0.78) -0.86 (0.02) poly.2  57.31 
46   80.92 (0.39)  79.87 (0.15)  99.14 ( 0.11)  97.64 ( 0.87) -1.51 (0.05) poly.3  98.88 
47   24.63 (0.43)  24.45 (0.15)  97.82 ( 0.17)  97.67 ( 0.40) -0.66 (0.02) poly.2  54.37 
48   50.29 (0.50)  49.59 (0.20)  99.63 ( 0.04)  99.93 ( 0.04) -1.50 (0.06) poly.3  62.57 
49   88.12 (0.32)  88.20 (0.12)  99.83 ( 0.02)  99.81 ( 0.05) -2.05 (0.03) poly.2  51.53 
50   83.98 (0.37)  83.71 (0.14)  99.95 ( 0.01)  99.95 ( 0.01) -2.14 (0.02) poly.2  57.58 
51   44.52 (0.50)  44.70 (0.20)  98.52 ( 0.14)  99.51 ( 0.23) -1.16 (0.06) poly.3  53.49 
52   60.28 (0.49)  60.72 (0.18)  99.54 ( 0.04)  99.55 ( 0.10) -1.44 (0.03) poly.2  57.21 
53   24.94 (0.43)  24.88 (0.17)  95.92 ( 0.36)  92.28 ( 2.30) -0.46 (0.05) poly.3  87.90 
54   34.73 (0.48)  34.20 (0.19)  80.95 ( 1.08)  64.13 ( 5.60) -0.11 (0.05) poly.3  99.98 
55   17.76 (0.38)  17.20 (0.13)  97.73 ( 0.20)  97.44 ( 0.55) -0.52 (0.03) poly.2  51.31 
56    5.10 (0.22)   4.95 (0.08)  85.32 ( 1.24)  85.75 ( 3.19)  0.29 (0.05) poly.2  57.13 
57   53.35 (0.50)  53.78 (0.20)  91.49 ( 0.57)  95.91 ( 1.33) -0.87 (0.08) poly.3  54.98 
58   76.55 (0.42)  76.61 (0.15)  99.49 ( 0.05)  99.51 ( 0.12) -1.65 (0.03) poly.2  57.14 
59   12.57 (0.33)  12.44 (0.13)  93.42 ( 0.60)  96.78 ( 1.29) -0.29 (0.08) poly.3  46.81 
60   32.35 (0.47)  32.02 (0.19)  92.63 ( 0.56)  84.30 ( 3.74) -0.38 (0.05) poly.3  99.45 
61   35.12 (0.48)  34.82 (0.18)  92.88 ( 0.50)  89.34 ( 2.42) -0.49 (0.04) poly.3  77.73 
62   16.12 (0.37)  16.10 (0.15)  98.85 ( 0.14)  99.68 ( 0.18) -0.79 (0.07) poly.3  60.01 
63   12.01 (0.33)  11.81 (0.13)  91.16 ( 0.77)  96.12 ( 1.63) -0.22 (0.08) poly.3  51.70 
64   28.03 (0.45)  27.57 (0.16)  96.59 ( 0.26)  95.71 ( 0.96) -0.59 (0.03) poly.3  46.72 
65   73.58 (0.44)  72.85 (0.17)  91.04 ( 0.67)  63.79 ( 5.55) -0.73 (0.05) poly.3 100.00 
66   42.62 (0.49)  41.80 (0.17)  94.96 ( 0.29)  94.85 ( 0.57) -0.71 (0.02) poly.2  56.79 
67   51.99 (0.50)  51.90 (0.20)  94.70 ( 0.42)  81.08 ( 3.93) -0.65 (0.04) poly.3 100.00 
68   37.46 (0.48)  37.36 (0.18)  97.79 ( 0.17)  97.91 ( 0.41) -0.85 (0.03) poly.2  55.46 
69   11.93 (0.32)  11.70 (0.11)  96.42 ( 0.32)  96.09 ( 0.80) -0.30 (0.03) poly.2  53.64 
70   47.60 (0.50)  46.62 (0.19)  96.14 ( 0.28)  94.75 ( 1.19) -0.81 (0.03) poly.3  61.60 
71   15.68 (0.36)  15.37 (0.15)  97.40 ( 0.29)  92.04 ( 2.98) -0.33 (0.06) poly.3  98.17 
72   14.25 (0.35)  14.39 (0.14)  96.00 ( 0.41)  91.15 ( 3.07) -0.25 (0.05) poly.3  89.37 
73    9.32 (0.29)   9.62 (0.12)  97.58 ( 0.29)  99.54 ( 0.30) -0.54 (0.09) poly.3  57.72 
74   25.84 (0.44)  25.75 (0.15)  98.17 ( 0.15)  98.08 ( 0.32) -0.72 (0.02) poly.2  55.76 
75   37.58 (0.48)  37.70 (0.19)  95.74 ( 0.33)  97.34 ( 0.80) -0.78 (0.05) poly.3  45.28 
76    0.28 (0.05)   0.33 (0.02)  98.38 ( 0.75)  77.69 (21.77)  0.57 (0.18) poly.3  66.50 
77   30.90 (0.46)  30.15 (0.18)  98.91 ( 0.11)  99.31 ( 0.23) -0.95 (0.05) sing.3  41.25 
78   52.81 (0.50)  52.75 (0.20)  99.16 ( 0.09)  99.74 ( 0.13) -1.36 (0.06) poly.3  53.39 
79   41.92 (0.49)  41.34 (0.20)  97.59 ( 0.22)  93.05 ( 2.03) -0.75 (0.05) poly.3  99.93 
80   33.12 (0.47)  32.12 (0.19)  98.62 ( 0.14)  99.33 ( 0.27) -0.96 (0.06) poly.3  52.56 
81    6.44 (0.25)   6.23 (0.10)  99.11 ( 0.14)  99.98 ( 0.02) -0.76 (0.09) poly.3  86.03 
82   50.70 (0.50)  50.59 (0.20)  75.45 ( 1.21)  29.90 ( 4.95) -0.05 (0.04) poly.3 100.00 
83   19.08 (0.39)  19.16 (0.15)  92.73 ( 0.55)  89.96 ( 2.33) -0.25 (0.04) poly.3  60.60 
84    5.96 (0.24)   6.07 (0.10)  94.67 ( 0.63)  98.82 ( 0.77) -0.26 (0.11) poly.3  53.17 
85   17.93 (0.38)  17.81 (0.15)  95.35 ( 0.42)  91.79 ( 2.50) -0.31 (0.05) poly.3  78.77 
86   36.06 (0.48)  35.76 (0.19)  95.33 ( 0.37)  92.00 ( 2.12) -0.59 (0.04) poly.3  86.30 
87   63.85 (0.48)  63.44 (0.19)  99.59 ( 0.05)  99.84 ( 0.07) -1.59 (0.06) poly.3  55.61 
88   12.41 (0.33)  11.76 (0.13)  96.30 ( 0.39)  99.30 ( 0.42) -0.51 (0.09) poly.3  64.82 
89   51.46 (0.50)  51.05 (0.20)  98.64 ( 0.13)  99.61 ( 0.18) -1.26 (0.06) poly.3  61.68 
90   13.09 (0.34)  12.79 (0.12)  98.72 ( 0.14)  98.32 ( 0.55) -0.53 (0.04) poly.2  45.29 
91   53.22 (0.50)  53.42 (0.18)  96.80 ( 0.22)  97.05 ( 0.54) -0.98 (0.03) poly.2  51.74 
92   28.59 (0.45)  28.48 (0.16)  76.84 ( 0.89)  76.96 ( 1.60) -0.08 (0.02) poly.2  57.48 
93   90.11 (0.30)  90.39 (0.11)  99.99 ( 0.00)  99.99 ( 0.00) -2.50 (0.04) poly.2  57.37 
94   30.57 (0.46)  30.24 (0.19)  93.82 ( 0.50)  80.24 ( 4.45) -0.34 (0.05) poly.3 100.00 
95   52.87 (0.50)  52.27 (0.20)  98.64 ( 0.14)  96.05 ( 1.26) -1.02 (0.04) poly.3  99.82 
96    2.76 (0.16)   2.94 (0.06)  93.06 ( 0.94)  88.46 ( 4.74)  0.26 (0.06) poly.3  49.76 
97   33.50 (0.47)  32.98 (0.18)  92.10 ( 0.57)  87.02 ( 3.03) -0.42 (0.04) poly.3  88.32 
98   25.72 (0.44)  25.47 (0.18)  97.67 ( 0.23)  99.25 ( 0.35) -0.80 (0.06) poly.3  65.20 
99   18.32 (0.39)  17.84 (0.15)  82.49 ( 1.17)  63.68 ( 6.66)  0.14 (0.05) poly.3  99.93 
100   9.03 (0.29)   9.04 (0.11)  99.88 ( 0.02)  99.89 ( 0.05) -0.85 (0.05) poly.2  56.77 
101  33.68 (0.47)  33.53 (0.17)  92.48 ( 0.45)  92.77 ( 1.13) -0.51 (0.03) poly.2  55.84 
102  18.37 (0.39)  17.63 (0.15)  99.13 ( 0.10)  99.50 ( 0.19) -0.79 (0.06) poly.3  42.70 
103  65.52 (0.48)  64.99 (0.17)  99.01 ( 0.08)  98.93 ( 0.19) -1.35 (0.02) poly.2  52.99 
104  30.65 (0.46)  30.77 (0.18)  95.71 ( 0.35)  97.65 ( 0.80) -0.69 (0.06) poly.3  53.65 
105  58.66 (0.49)  57.91 (0.19)  92.71 ( 0.54)  61.87 ( 5.50) -0.54 (0.04) poly.3 100.00 
106  49.29 (0.50)  48.59 (0.18)  98.67 ( 0.10)  98.50 ( 0.29) -1.08 (0.02) poly.2  48.75 
107  11.01 (0.31)  10.24 (0.12)  99.48 ( 0.07)  99.71 ( 0.12) -0.72 (0.07) poly.3  39.77 
108   9.38 (0.29)   9.21 (0.11)  99.24 ( 0.10)  99.44 ( 0.20) -0.59 (0.06) poly.2  44.07 
109  44.67 (0.50)  44.01 (0.18)  94.12 ( 0.38)  94.88 ( 0.94) -0.73 (0.04) poly.2  43.64 
110  42.48 (0.49)  41.58 (0.20)  95.50 ( 0.37)  64.98 ( 5.67) -0.41 (0.05) poly.3 100.00 
111  39.56 (0.49)  38.70 (0.18)  98.15 ( 0.16)  97.19 ( 0.80) -0.86 (0.04) poly.3  65.92 
112  33.95 (0.47)  33.99 (0.17)  93.59 ( 0.40)  93.95 ( 1.00) -0.56 (0.03) poly.2  54.20 
113  17.71 (0.38)  17.07 (0.14)  99.18 ( 0.09)  99.06 ( 0.24) -0.71 (0.03) poly.2  52.46 
114  46.14 (0.50)  45.31 (0.20)  99.25 ( 0.08)  99.81 ( 0.10) -1.31 (0.07) poly.3  52.17 
115  22.51 (0.42)  22.22 (0.17)  74.88 ( 1.38)  52.60 ( 6.54)  0.20 (0.05) poly.3 100.00 
116  18.51 (0.39)  17.78 (0.16)  97.97 ( 0.22)  99.90 ( 0.06) -0.83 (0.05) poly.3  98.63 
117  65.32 (0.48)  64.64 (0.18)  98.24 ( 0.17)  96.69 ( 1.02) -1.18 (0.04) poly.3  88.36 
118  17.80 (0.38)  17.93 (0.15)  69.92 ( 1.55)  91.11 ( 2.64) -0.01 (0.05) poly.3  98.95 
119   2.51 (0.16)   2.26 (0.05)  96.92 ( 0.53)  96.25 ( 1.60)  0.08 (0.06) poly.2  53.68 
120   3.12 (0.17)   3.18 (0.08)  99.13 ( 0.18)  88.29 ( 8.20)  0.03 (0.11) poly.3  98.01 
121   1.84 (0.13)   1.70 (0.06)  99.74 ( 0.08)  97.18 ( 3.31) -0.16 (0.11) poly.3  66.84 
122  30.74 (0.46)  30.24 (0.17)  95.55 ( 0.33)  94.18 ( 1.30) -0.56 (0.03) poly.3  54.29 
123  48.87 (0.50)  48.02 (0.18)  99.59 ( 0.04)  99.62 ( 0.09) -1.30 (0.03) poly.2  55.70 
124  39.57 (0.49)  39.70 (0.18)  90.92 ( 0.51)  91.04 ( 1.28) -0.54 (0.03) poly.2  57.36 
125  22.42 (0.42)  22.30 (0.15)  89.53 ( 0.64)  90.25 ( 1.60) -0.26 (0.04) poly.2  52.43 
126  21.24 (0.41)  21.56 (0.15)  88.97 ( 0.65)  87.51 ( 1.86) -0.20 (0.03) poly.2  44.78 
127  21.73 (0.41)  21.42 (0.16)  94.53 ( 0.42)  95.86 ( 1.04) -0.45 (0.05) poly.3  36.66 
128  29.04 (0.45)  29.12 (0.18)  82.58 ( 1.05)  68.11 ( 5.54) -0.08 (0.05) poly.3  99.77 
129  48.78 (0.50)  48.08 (0.18)  99.16 ( 0.07)  99.10 ( 0.15) -1.17 (0.02) poly.2  54.74 
130  23.38 (0.42)  23.42 (0.16)  84.89 ( 0.88)  88.09 ( 2.44) -0.20 (0.05) poly.3  36.96 
131  16.36 (0.37)  16.57 (0.16)  98.17 ( 0.20)  99.69 ( 0.19) -0.78 (0.08) poly.3  54.96 
132  43.32 (0.50)  42.10 (0.20)  96.23 ( 0.32)  89.37 ( 2.75) -0.66 (0.05) poly.3  99.99 
133  27.99 (0.45)  28.17 (0.16)  96.07 ( 0.27)  95.86 ( 0.59) -0.59 (0.02) poly.2  54.65 
134  11.94 (0.32)  11.65 (0.13)  94.90 ( 0.51)  90.31 ( 3.25) -0.14 (0.05) poly.3  78.49 
135  20.46 (0.40)  19.44 (0.15)  98.93 ( 0.11)  99.14 ( 0.24) -0.75 (0.04) poly.2  44.94 
136   9.75 (0.30)   9.94 (0.11)  96.01 ( 0.39)  96.62 ( 0.91) -0.26 (0.05) poly.2  48.76 
137  20.31 (0.40)  20.25 (0.17)  97.29 ( 0.28)  91.33 ( 2.91) -0.41 (0.05) poly.3  99.70 
138   3.04 (0.17)   3.18 (0.07)  93.28 ( 0.95)  99.95 ( 0.05) -0.27 (0.09) poly.3  99.94 
139   4.92 (0.22)   4.82 (0.08)  95.38 ( 0.53)  95.28 ( 1.04) -0.01 (0.04) poly.2  57.43 
140  36.59 (0.48)  36.09 (0.17)  99.69 ( 0.03)  99.64 ( 0.10) -1.18 (0.03) poly.2  48.73 
141  27.89 (0.45)  28.11 (0.16)  85.95 ( 0.75)  83.78 ( 2.29) -0.23 (0.03) poly.3  46.16 
142  39.82 (0.49)  39.52 (0.17)  95.62 ( 0.28)  95.24 ( 0.69) -0.71 (0.02) poly.2  50.75 
143  48.38 (0.50)  47.84 (0.20)  91.55 ( 0.60)  79.25 ( 4.15) -0.52 (0.04) poly.3 100.00 
144  26.65 (0.44)  26.50 (0.16)  94.57 ( 0.36)  93.97 ( 0.96) -0.48 (0.03) poly.2  48.96 
145  19.00 (0.39)  18.91 (0.14)  98.44 ( 0.14)  98.38 ( 0.29) -0.63 (0.03) poly.2  56.55 
146   3.50 (0.18)   3.74 (0.07)  97.09 ( 0.43)  97.90 ( 0.82) -0.11 (0.08) poly.2  43.56 
147  40.59 (0.49)  40.30 (0.19)  89.99 ( 0.69)  76.30 ( 4.57) -0.38 (0.04) poly.3 100.00 
148   9.68 (0.30)   9.85 (0.12)  94.59 ( 0.54)  90.58 ( 3.14) -0.09 (0.05) poly.3  69.19 
149   4.90 (0.22)   5.22 (0.09)  99.47 ( 0.09) 100.00 ( 0.00) -1.26 (0.07) poly.3 100.00 
150   1.09 (0.10)   1.04 (0.04)  91.96 ( 1.69)  59.97 (19.60)  0.73 (0.14) poly.3  88.72 
151   3.44 (0.18)   3.14 (0.06)  96.62 ( 0.49)  96.19 ( 1.28)  0.03 (0.05) poly.2  55.06 
152   3.80 (0.19)   3.86 (0.08)  88.94 ( 1.18)  92.57 ( 2.59)  0.19 (0.09) sing.3  34.88 
153  40.81 (0.49)  40.46 (0.18)  84.32 ( 0.74)  84.81 ( 1.88) -0.39 (0.03) poly.2  55.74 
154   6.02 (0.24)   6.00 (0.10)  99.64 ( 0.06)  99.87 ( 0.07) -0.70 (0.09) poly.3  44.83 
155   9.88 (0.30)   9.51 (0.11)  94.87 ( 0.48)  93.45 ( 1.73) -0.14 (0.04) poly.2  43.13 
156  24.73 (0.43)  25.09 (0.17)  79.03 ( 1.20)  96.39 ( 1.22) -0.32 (0.05) poly.3 100.00 
157  40.51 (0.49)  39.75 (0.20)  95.60 ( 0.35)  97.65 ( 0.79) -0.81 (0.06) poly.3  54.05 
158   0.06 (0.02)   0.05 (0.01)  99.24 ( 1.13)   3.62 ( 7.27)  1.52 (0.31) poly.3  98.96 
159  23.71 (0.43)  23.26 (0.16)  90.57 ( 0.62)  92.39 ( 1.61) -0.33 (0.05) poly.2  34.33 
160  25.96 (0.44)  25.53 (0.16)  93.33 ( 0.44)  93.43 ( 1.11) -0.42 (0.03) poly.2  57.35 
161  40.57 (0.49)  40.26 (0.19)  95.30 ( 0.36)  92.61 ( 1.85) -0.66 (0.04) poly.3  79.49 
162  14.99 (0.36)  14.89 (0.13)  97.44 ( 0.23)  97.28 ( 0.51) -0.45 (0.03) poly.2  55.37 
163   7.00 (0.26)   7.04 (0.10)  92.55 ( 0.81)  99.83 ( 0.12) -0.36 (0.07) poly.3  99.94 
164  81.06 (0.39)  81.03 (0.15)  99.89 ( 0.01)  99.83 ( 0.07) -1.94 (0.03) poly.3  52.18 
165   5.33 (0.22)   5.44 (0.09)  99.39 ( 0.10)  99.10 ( 0.47) -0.43 (0.05) poly.2  48.04 
166  30.02 (0.46)  29.49 (0.19)  97.43 ( 0.24)  99.20 ( 0.38) -0.86 (0.07) poly.3  54.51 
167   6.60 (0.25)   6.66 (0.11)  96.40 ( 0.48)  76.96 ( 8.58)  0.12 (0.08) poly.3  99.99 
168  73.06 (0.44)  72.70 (0.16)  90.66 ( 0.49)  90.36 ( 0.99) -0.96 (0.02) poly.2  55.19 
169  16.92 (0.37)  17.10 (0.16)  99.11 ( 0.11)  99.98 ( 0.01) -1.04 (0.07) poly.3  91.58 
170   5.31 (0.22)   4.86 (0.08)  99.79 ( 0.04)  99.69 ( 0.19) -0.58 (0.05) poly.2  51.13 
171   5.47 (0.23)   5.35 (0.08)  86.27 ( 1.18)  83.00 ( 3.85)  0.29 (0.05) poly.2  42.80 
172  10.36 (0.30)  10.55 (0.12)  57.27 ( 1.87)  76.00 ( 5.85)  0.34 (0.10) poly.3  63.14 
173  10.42 (0.31)  10.83 (0.12)  88.05 ( 0.95)  81.98 ( 4.43)  0.09 (0.05) poly.3  70.16 
174   8.10 (0.27)   7.94 (0.11)  95.14 ( 0.53)  97.86 ( 0.99) -0.25 (0.08) poly.3  47.17 
175  21.03 (0.41)  20.60 (0.17)  95.84 ( 0.38)  98.62 ( 0.62) -0.59 (0.06) poly.3  74.36 
176   1.88 (0.14)   1.83 (0.05)  93.51 ( 1.01)  92.28 ( 2.85)  0.31 (0.06) poly.2  53.44 
177   5.35 (0.23)   4.99 (0.08)  96.04 ( 0.48)  94.96 ( 1.67) -0.03 (0.05) poly.2  48.22 
178  28.73 (0.45)  28.81 (0.19)  99.23 ( 0.09)  97.09 ( 1.14) -0.80 (0.05) poly.3  99.70 
179   5.71 (0.23)   5.77 (0.09)  93.44 ( 0.73)  96.52 ( 1.44) -0.07 (0.08) poly.3  44.34 
180  14.33 (0.35)  14.17 (0.15)  98.79 ( 0.15)  99.92 ( 0.06) -0.85 (0.07) poly.3  81.61 
181   4.46 (0.21)   4.62 (0.09)  93.82 ( 0.82)  78.58 ( 8.75)  0.26 (0.08) poly.3  95.92 
182   4.72 (0.21)   4.60 (0.09)  98.22 ( 0.28)  95.04 ( 2.90) -0.11 (0.07) poly.3  67.97 
183   4.58 (0.21)   4.39 (0.08)  97.09 ( 0.41)  95.05 ( 2.29) -0.04 (0.06) poly.3  47.39 
184   0.02 (0.01)   0.02 (0.01)  99.66 ( 0.73)   2.80 ( 5.88)  1.57 (0.33) poly.3  99.16 
185  18.49 (0.39)  18.48 (0.14)  96.19 ( 0.31)  96.41 ( 0.76) -0.45 (0.04) poly.2  55.55 
186  13.72 (0.34)  13.27 (0.12)  94.39 ( 0.43)  94.29 ( 0.83) -0.24 (0.03) poly.2  57.24 
187  10.00 (0.30)   9.96 (0.13)  95.50 ( 0.51)  86.42 ( 4.98) -0.06 (0.07) poly.3  97.62 
188  15.54 (0.36)  15.69 (0.14)  66.92 ( 1.51)  85.71 ( 3.43)  0.03 (0.10) poly.3  65.62 
189   7.62 (0.27)   6.92 (0.09)  99.10 ( 0.13)  98.93 ( 0.39) -0.43 (0.04) poly.2  52.98 
190   0.49 (0.07)   0.54 (0.03)  99.98 ( 0.02)  48.19 (38.18)  0.41 (0.23) poly.3  99.58 
191   0.59 (0.08)   0.62 (0.04)  98.99 ( 0.40)  59.45 (30.06)  0.59 (0.20) poly.3  93.86 
192  26.34 (0.44)  26.13 (0.18)  96.48 ( 0.31)  98.88 ( 0.51) -0.74 (0.07) poly.3  57.84 
193  58.24 (0.49)  57.61 (0.17)  97.75 ( 0.15)  97.74 ( 0.27) -1.10 (0.02) poly.2  57.53 
194   2.42 (0.15)   2.29 (0.05)  95.65 ( 0.68)  95.29 ( 1.56)  0.15 (0.05) poly.2  56.41 
195  19.98 (0.40)  19.93 (0.16)  98.32 ( 0.17)  99.17 ( 0.34) -0.74 (0.07) sing.3  46.18 
196   4.11 (0.20)   4.09 (0.08)  99.69 ( 0.06)  99.41 ( 0.42) -0.46 (0.06) poly.2  46.14 
197   8.81 (0.28)   8.63 (0.12)  86.34 ( 1.22)  66.50 ( 8.30)  0.30 (0.07) poly.3  99.49 
198  45.22 (0.50)  45.51 (0.20)  94.51 ( 0.43)  99.23 ( 0.30) -0.96 (0.05) poly.3  98.42 
199  20.69 (0.41)  20.63 (0.15)  99.69 ( 0.04)  99.58 ( 0.15) -0.94 (0.03) poly.2  44.48 
200   8.81 (0.28)   8.54 (0.10)  93.89 ( 0.53)  93.88 ( 0.98) -0.09 (0.03) poly.2  57.61 
201   5.27 (0.22)   5.30 (0.09)  95.09 ( 0.59)  96.95 ( 1.16) -0.10 (0.08) sing.3  35.19 
202   3.70 (0.19)   3.55 (0.07)  99.65 ( 0.07)  99.74 ( 0.13) -0.48 (0.08) poly.2  50.71 
203  26.47 (0.44)  26.30 (0.17)  95.75 ( 0.36)  92.91 ( 1.99) -0.49 (0.04) poly.3  78.79 
204   0.45 (0.07)   0.51 (0.03)  98.51 ( 0.56)  92.06 ( 8.91)  0.33 (0.13) poly.3  47.81 
205  39.75 (0.49)  39.81 (0.19)  93.92 ( 0.43)  95.83 ( 1.10) -0.71 (0.05) poly.3  42.94 
206   5.13 (0.22)   5.04 (0.10)  99.78 ( 0.04)  99.98 ( 0.01) -0.85 (0.11) poly.3  66.38 
207  15.25 (0.36)  15.04 (0.13)  98.80 ( 0.13)  98.93 ( 0.30) -0.63 (0.04) poly.2  53.90 
208   3.22 (0.18)   3.30 (0.07)  77.97 ( 2.04)  91.24 ( 4.30)  0.33 (0.12) poly.3  54.63 
209  11.84 (0.32)  11.93 (0.14)  97.00 ( 0.35)  88.50 ( 4.30) -0.18 (0.06) poly.3  99.63 
210  17.89 (0.38)  17.62 (0.14)  84.20 ( 0.98)  78.96 ( 3.91)  0.01 (0.04) poly.3  66.81 
211   1.64 (0.13)   1.69 (0.05)  99.08 ( 0.22)  98.91 ( 0.64) -0.10 (0.06) poly.2  56.01 
212  30.48 (0.46)  30.50 (0.16)  94.87 ( 0.32)  94.60 ( 0.72) -0.56 (0.02) poly.2  54.11 
213  18.07 (0.38)  18.37 (0.15)  86.18 ( 0.89)  81.39 ( 3.62) -0.05 (0.04) poly.3  66.51 
214   7.42 (0.26)   7.72 (0.09)  74.60 ( 1.43)  72.20 ( 3.56)  0.40 (0.04) poly.2  48.06 
215   6.62 (0.25)   6.64 (0.10)  95.38 ( 0.55)  90.66 ( 3.74) -0.01 (0.06) poly.3  70.75 
216   6.07 (0.24)   6.14 (0.09)  96.93 ( 0.38)  95.27 ( 1.86) -0.12 (0.05) poly.3  46.28 
217   2.66 (0.16)   2.52 (0.06)  99.04 ( 0.20)  97.95 ( 1.52) -0.14 (0.07) poly.2  43.04 
218  14.84 (0.36)  14.97 (0.13)  80.81 ( 1.06)  82.54 ( 2.77)  0.06 (0.04) poly.2  48.36 
219  16.61 (0.37)  16.59 (0.14)  97.63 ( 0.22)  97.98 ( 0.51) -0.53 (0.04) poly.2  47.78 
220  26.38 (0.44)  26.65 (0.18)  76.72 ( 1.27)  58.48 ( 6.13)  0.08 (0.05) poly.3  99.94 
221  17.26 (0.38)  16.92 (0.15)  97.78 ( 0.22)  96.33 ( 1.25) -0.48 (0.04) poly.3  63.37 
222   4.84 (0.21)   4.74 (0.08)  95.89 ( 0.51)  94.33 ( 2.06)  0.00 (0.05) poly.2  44.77 
223  23.18 (0.42)  23.23 (0.16)  99.10 ( 0.09)  99.15 ( 0.22) -0.82 (0.04) poly.2  56.18 
224  21.00 (0.41)  20.28 (0.17)  97.85 ( 0.23)  93.79 ( 2.25) -0.48 (0.05) poly.3  98.19 
225   0.44 (0.07)   0.42 (0.03)  99.09 ( 0.47)  10.98 (17.83)  1.04 (0.24) poly.3  99.85 
226  11.20 (0.32)  11.10 (0.13)  94.64 ( 0.53)  99.17 ( 0.49) -0.47 (0.10) poly.3  60.85 
227   0.61 (0.08)   0.66 (0.03)  87.49 ( 2.41)  82.33 ( 8.11)  0.71 (0.09) poly.2  48.93 
228   6.62 (0.25)   6.70 (0.09)  88.03 ( 0.92)  87.98 ( 1.71)  0.16 (0.03) poly.2  57.59 
229   3.12 (0.17)   3.17 (0.08)  97.77 ( 0.41)  84.71 ( 9.04)  0.16 (0.10) poly.3  95.79 
230   0.41 (0.06)   0.40 (0.03)  97.94 ( 0.94)   5.99 (11.11)  1.20 (0.24) poly.3  99.92 
231   2.36 (0.15)   2.27 (0.06)  94.31 ( 0.86)  94.68 ( 2.13)  0.20 (0.08) poly.2  56.77 
232   2.55 (0.16)   2.68 (0.06)  96.62 ( 0.53)  96.11 ( 1.43)  0.06 (0.05) poly.2  54.74 
233  46.73 (0.50)  45.68 (0.17)  93.90 ( 0.34)  93.87 ( 0.61) -0.72 (0.02) poly.2  57.58 
234   3.83 (0.19)   3.91 (0.08)  68.13 ( 2.34)  89.96 ( 4.51)  0.38 (0.12) poly.3  73.53 
235   4.60 (0.21)   4.57 (0.09)  94.62 ( 0.70)  99.06 ( 0.68) -0.20 (0.11) poly.3  66.05 
236  11.23 (0.32)  11.36 (0.11)  98.61 ( 0.15)  98.54 ( 0.33) -0.49 (0.03) poly.2  56.53 
237   0.22 (0.05)   0.21 (0.02)  99.20 ( 0.59)   4.40 ( 9.70)  1.26 (0.27) poly.3  99.80 
238   0.09 (0.03)   0.15 (0.02)  99.85 ( 0.16)  26.62 (34.59)  0.89 (0.27) poly.3  97.60 
239   0.29 (0.05)   0.30 (0.02)  92.12 ( 2.77)  33.94 (25.56)  1.12 (0.22) poly.3  88.64 
240   1.01 (0.10)   1.08 (0.05)  96.43 ( 0.93)  24.08 (20.48)  0.87 (0.17) poly.3  99.98 
241  13.64 (0.34)  13.77 (0.12)  97.45 ( 0.23)  97.23 ( 0.57) -0.42 (0.03) poly.2  54.10 
242   2.52 (0.16)   2.44 (0.07)  99.79 ( 0.06)  97.32 ( 2.92) -0.25 (0.11) poly.3  77.27 
243   6.06 (0.24)   6.04 (0.08)  96.83 ( 0.36)  96.79 ( 0.70) -0.15 (0.04) poly.2  57.56 
244  23.10 (0.42)  23.24 (0.15)  82.58 ( 0.80)  82.18 ( 1.59) -0.10 (0.02) poly.2  55.99 
245  23.76 (0.43)  23.34 (0.17)  99.50 ( 0.06)  99.75 ( 0.10) -1.01 (0.06) poly.3  43.08 
246   2.11 (0.14)   2.13 (0.05)  94.59 ( 0.83)  93.26 ( 2.63)  0.23 (0.06) poly.2  51.89 
247   3.58 (0.19)   3.46 (0.07)  92.54 ( 0.91)  89.56 ( 3.61)  0.23 (0.06) poly.2  42.81 
248   4.66 (0.21)   4.53 (0.08)  98.14 ( 0.27)  97.57 ( 0.99) -0.17 (0.05) poly.2  50.16 
249   2.08 (0.14)   2.19 (0.06)  78.82 ( 2.17)  86.05 ( 5.00)  0.50 (0.11) sing.3  39.46 
250   9.29 (0.29)   9.39 (0.12)  90.34 ( 0.84)  94.16 ( 2.00) -0.09 (0.08) sing.3  43.41 
251   6.11 (0.24)   6.14 (0.09)  98.60 ( 0.19)  98.60 ( 0.36) -0.33 (0.04) poly.2  57.61 
252   7.95 (0.27)   8.14 (0.11)  86.72 ( 1.12)  96.18 ( 1.92) -0.10 (0.11) sing.3  50.41 
253   0.22 (0.05)   0.25 (0.02)  97.22 ( 1.36)  44.24 (31.29)  0.94 (0.23) poly.3  86.54 
254  14.18 (0.35)  14.14 (0.14)  94.17 ( 0.52)  96.78 ( 1.17) -0.34 (0.07) poly.3  48.09 
255   0.44 (0.07)   0.48 (0.03)  98.83 ( 0.56)   5.98 (11.09)  1.12 (0.24) poly.3  99.98 
256  63.39 (0.48)  62.60 (0.18)  98.93 ( 0.09)  99.14 ( 0.21) -1.34 (0.04) poly.2  39.05 
257  12.89 (0.34)  12.74 (0.12)  77.64 ( 1.09)  77.02 ( 2.19)  0.19 (0.03) poly.2  55.64 
258   2.80 (0.16)   2.73 (0.07)  99.86 ( 0.04)  98.27 ( 1.94) -0.35 (0.10) poly.3  75.04 
259   1.41 (0.12)   1.47 (0.05)  99.19 ( 0.21)  99.06 ( 0.58) -0.10 (0.07) poly.2  56.51 
260   3.92 (0.19)   3.88 (0.08)  88.30 ( 1.30)  96.91 ( 1.91)  0.05 (0.12) poly.3  56.01 
261   0.12 (0.03)   0.12 (0.01)  62.51 ( 8.15)  53.67 (14.88)  1.42 (0.15) poly.2  50.54 
262  25.06 (0.43)  24.99 (0.17)  90.46 ( 0.72)  79.11 ( 4.73) -0.19 (0.05) poly.3  99.74 
263  34.83 (0.48)  34.71 (0.19)  64.31 ( 1.45)  79.80 ( 3.97) -0.11 (0.05) poly.3  95.73 
264   2.87 (0.17)   2.80 (0.07)  96.72 ( 0.59)  77.27 (11.99)  0.31 (0.11) poly.3  97.74 
265   1.47 (0.12)   1.39 (0.05)  97.59 ( 0.55)  93.24 ( 5.18)  0.20 (0.09) poly.3  49.67 
266   0.37 (0.06)   0.39 (0.02)  96.96 ( 1.07)  96.19 ( 3.03)  0.41 (0.10) poly.2  56.06 
267   0.22 (0.05)   0.20 (0.02)  99.16 ( 0.61)  18.37 (26.04)  1.07 (0.26) poly.3  97.83 
268   1.86 (0.14)   1.86 (0.05)  98.35 ( 0.34)  98.21 ( 0.81) -0.02 (0.06) poly.2  56.92 
269  43.62 (0.50)  43.76 (0.20)  85.98 ( 0.86)  75.74 ( 4.49) -0.37 (0.04) poly.3  98.95 
270  11.34 (0.32)  11.04 (0.12)  95.69 ( 0.41)  96.78 ( 0.93) -0.29 (0.05) poly.2  36.47 
271   1.98 (0.14)   2.28 (0.06)  93.32 ( 1.00)  97.28 ( 1.44)  0.08 (0.12) sing.3  41.94 
272   0.50 (0.07)   0.47 (0.03)  98.98 ( 0.42)  96.91 ( 3.93)  0.21 (0.12) poly.2  48.25 
273   4.85 (0.21)   4.84 (0.09)  95.33 ( 0.63)  86.72 ( 6.03)  0.12 (0.08) poly.3  84.67 
274   4.39 (0.20)   4.14 (0.07)  94.04 ( 0.69)  93.36 ( 1.73)  0.10 (0.04) poly.2  54.09 
275   6.33 (0.24)   6.30 (0.09)  98.22 ( 0.24)  98.50 ( 0.51) -0.31 (0.06) poly.2  52.07 
276   1.72 (0.13)   1.83 (0.06)  98.92 ( 0.28)  73.75 (17.48)  0.31 (0.14) poly.3  99.08 
277   1.70 (0.13)   1.52 (0.05)  99.62 ( 0.11)  99.62 ( 0.31) -0.25 (0.09) poly.2  57.49 
278  18.57 (0.39)  17.81 (0.14)  99.43 ( 0.06)  99.36 ( 0.16) -0.80 (0.03) poly.2  53.52 
279   5.02 (0.22)   5.61 (0.09)  84.69 ( 1.36)  92.50 ( 3.14)  0.12 (0.11) sing.3  54.70 
280   3.55 (0.19)   3.72 (0.08)  99.73 ( 0.06)  97.74 ( 2.09) -0.33 (0.09) poly.3  80.25 
281   4.79 (0.21)   4.77 (0.08)  91.23 ( 0.89)  91.71 ( 2.24)  0.15 (0.06) poly.2  56.48 
282   9.96 (0.30)   9.85 (0.11)  99.40 ( 0.08)  99.33 ( 0.21) -0.60 (0.03) poly.2  54.63 
283   5.77 (0.23)   5.93 (0.08)  96.58 ( 0.39)  96.46 ( 0.80) -0.13 (0.04) poly.2  57.07 
284  21.81 (0.41)  21.09 (0.15)  88.45 ( 0.76)  84.39 ( 3.13) -0.15 (0.04) poly.3  65.77 
285   0.15 (0.04)   0.12 (0.01)  73.55 ( 8.34)  16.70 (11.20)  1.66 (0.25) poly.3  85.44 
286   0.39 (0.06)   0.45 (0.03)  88.69 ( 3.07)  21.34 (20.48)  1.20 (0.21) poly.3  96.82 
287  31.30 (0.46)  31.15 (0.16)  94.47 ( 0.34)  94.24 ( 0.72) -0.55 (0.02) poly.2  55.19 
288  17.70 (0.38)  17.59 (0.15)  99.29 ( 0.08)  99.59 ( 0.16) -0.83 (0.06) sing.3  38.65 
289   1.74 (0.13)   1.60 (0.05)  97.05 ( 0.61)  93.16 ( 4.65)  0.20 (0.08) poly.3  47.04 
290  25.95 (0.44)  25.68 (0.15)  95.27 ( 0.31)  95.22 ( 0.58) -0.51 (0.02) poly.2  57.42 
291   1.06 (0.10)   1.13 (0.04)  91.76 ( 1.43)  90.84 ( 3.39)  0.46 (0.07) poly.2  55.92 
292   5.87 (0.24)   5.63 (0.09)  93.30 ( 0.69)  93.60 ( 1.77)  0.04 (0.05) poly.2  56.87 
293   5.22 (0.22)   5.22 (0.08)  91.28 ( 0.82)  90.80 ( 1.78)  0.14 (0.04) poly.2  55.91 
294   0.02 (0.01)   0.04 (0.01)  79.90 (11.93)  11.12 ( 6.71)  1.88 (0.31) poly.3  88.51 
295   3.18 (0.18)   3.52 (0.08)  82.61 ( 1.89)  55.40 (12.25)  0.63 (0.09) poly.3  97.54 
296   1.64 (0.13)   1.71 (0.05)  91.68 ( 1.39)  76.37 (11.50)  0.52 (0.10) poly.3  74.15 
297   2.18 (0.15)   2.32 (0.06)  98.58 ( 0.29)  96.21 ( 2.82) -0.02 (0.08) poly.3  50.52 
298  15.21 (0.36)  14.98 (0.14)  81.58 ( 1.17)  93.91 ( 2.22) -0.17 (0.10) poly.3  64.49 
299   0.15 (0.04)   0.18 (0.02)  98.70 ( 0.87)  36.87 (33.50)  0.96 (0.25) poly.3  90.41 
300  19.94 (0.40)  19.53 (0.16)  93.50 ( 0.55)  97.53 ( 1.01) -0.46 (0.06) poly.3  77.12 
301   0.61 (0.08)   0.72 (0.03)  98.75 ( 0.41)  97.09 ( 3.05)  0.16 (0.10) poly.2  48.83 
302   0.07 (0.03)   0.05 (0.01)  90.00 ( 7.77)   4.76 ( 4.63)  1.83 (0.31) poly.3  96.25 
303   8.40 (0.28)   8.31 (0.10)  93.39 ( 0.59)  92.40 ( 1.66) -0.04 (0.04) poly.2  49.84 
304   0.08 (0.03)   0.08 (0.01)  68.99 (10.53)  16.03 ( 8.95)  1.79 (0.27) poly.3  82.85 
305   0.04 (0.02)   0.03 (0.01)  98.46 ( 2.39)   2.47 ( 4.21)  1.71 (0.33) poly.3  98.80 
306   7.61 (0.27)   7.43 (0.09)  94.44 ( 0.52)  94.03 ( 1.21) -0.07 (0.03) poly.2  55.04 
307   2.63 (0.16)   2.94 (0.07)  91.73 ( 1.22)  41.76 (15.11)  0.65 (0.11) poly.3 100.00 
308   6.62 (0.25)   6.63 (0.10)  95.17 ( 0.56)  97.98 ( 0.98) -0.22 (0.09) sing.3  45.30 
309  10.21 (0.30)   9.89 (0.11)  94.55 ( 0.50)  95.51 ( 1.18) -0.19 (0.05) poly.2  45.21 
310   5.68 (0.23)   5.82 (0.09)  87.44 ( 1.19)  78.99 ( 6.13)  0.29 (0.06) poly.3  71.10 
311   0.03 (0.02)   0.04 (0.01)  99.93 ( 0.14)   4.76 (11.01)  1.30 (0.31) poly.3  99.54 
312   0.34 (0.06)   0.37 (0.03)  93.04 ( 2.30)  40.86 (26.71)  1.02 (0.20) poly.3  87.13 
313   2.27 (0.15)   2.24 (0.06)  91.52 ( 1.26)  80.56 ( 8.76)  0.43 (0.09) poly.3  68.02 
314   0.05 (0.02)   0.03 (0.01)  48.63 (19.53)   2.56 ( 1.06)  2.49 (0.35) poly.3  95.29 
315  11.73 (0.32)  11.78 (0.12)  96.68 ( 0.31)  96.75 ( 0.82) -0.33 (0.04) poly.2  57.40 
316  10.90 (0.31)  10.94 (0.13)  90.12 ( 0.91)  72.95 ( 7.11)  0.14 (0.06) poly.3  99.81 
317  19.46 (0.40)  19.46 (0.14)  83.17 ( 0.89)  83.30 ( 2.29) -0.05 (0.03) poly.2  57.52 
318  38.30 (0.49)  38.04 (0.19)  91.25 ( 0.62)  98.28 ( 0.62) -0.72 (0.05) poly.3  98.61 
319   0.17 (0.04)   0.19 (0.02)  96.21 ( 2.08)   9.13 (14.58)  1.35 (0.27) poly.3  98.18 
320  25.99 (0.44)  25.70 (0.16)  88.81 ( 0.65)  89.65 ( 1.65) -0.30 (0.04) poly.2  51.19 
321   0.08 (0.03)   0.06 (0.01)  96.78 ( 3.18)   2.27 ( 4.00)  1.69 (0.31) poly.3  98.98 
322   0.02 (0.01)   0.01 (0.00)  96.89 ( 5.88)   3.41 ( 3.45)  1.91 (0.37) poly.3  96.99 
323   0.02 (0.01)   0.02 (0.01)  99.99 ( 0.02)   3.09 ( 8.13)  1.27 (0.34) poly.3  99.84 
324   0.17 (0.04)   0.19 (0.02)  96.07 ( 1.98)  41.21 (29.49)  1.04 (0.24) poly.3  83.37 
325   4.67 (0.21)   4.47 (0.07)  92.87 ( 0.78)  91.33 ( 2.42)  0.14 (0.05) poly.2  48.88 
326   0.02 (0.01)   0.04 (0.01)  85.81 ( 9.26)  28.46 (16.39)  1.58 (0.29) poly.3  74.58 
327   0.33 (0.06)   0.36 (0.03)  91.10 ( 2.91)  12.54 (16.43)  1.30 (0.23) poly.3  98.48 
328   5.26 (0.22)   5.22 (0.09)  83.09 ( 1.53)  95.63 ( 2.34)  0.09 (0.11) poly.3  69.20 
329   0.77 (0.09)   0.74 (0.03)  97.01 ( 0.83)  91.69 ( 7.05)  0.37 (0.11) poly.3  43.52 
330   0.08 (0.03)   0.13 (0.01)  95.36 ( 2.83)  20.22 (21.59)  1.31 (0.27) poly.3  91.80 
331   0.02 (0.01)   0.01 (0.00)  92.51 (13.86)   4.36 ( 3.37)  2.12 (0.42) poly.3  93.94 
332  33.68 (0.47)  33.66 (0.19)  92.28 ( 0.58)  84.73 ( 3.60) -0.40 (0.05) poly.3  98.59 
333   2.51 (0.16)   2.36 (0.05)  91.94 ( 1.06)  90.89 ( 2.69)  0.31 (0.05) poly.2  54.16 
334   0.48 (0.07)   0.50 (0.03)  94.87 ( 1.42)  96.79 ( 1.83)  0.37 (0.15) poly.2  45.27 
335  43.44 (0.50)  43.29 (0.18)  81.14 ( 0.84)  78.74 ( 2.47) -0.34 (0.03) poly.3  47.12 
336   2.19 (0.15)   2.19 (0.06)  96.11 ( 0.74)  77.58 (12.59)  0.37 (0.11) poly.3  92.72 
337   0.12 (0.03)   0.14 (0.02)  93.25 ( 3.34)  39.86 (26.02)  1.17 (0.24) poly.3  78.27 
338   0.53 (0.07)   0.60 (0.04)  99.54 ( 0.22)  28.58 (30.07)  0.75 (0.22) poly.3  99.69 
339   1.00 (0.10)   0.99 (0.04)  98.18 ( 0.49)  98.09 ( 1.44)  0.12 (0.10) poly.2  57.29 
340   1.95 (0.14)   1.93 (0.05)  97.72 ( 0.46)  95.12 ( 3.28)  0.10 (0.08) poly.3  44.37 
341   0.03 (0.02)   0.02 (0.01)  98.89 ( 2.27)   2.61 ( 4.05)  1.75 (0.35) poly.3  98.50 
342   1.95 (0.14)   2.06 (0.06)  92.53 ( 1.15)  85.02 ( 7.05)  0.38 (0.08) poly.3  56.40 
343   0.00 (0.00)   0.01 (0.01)  95.90 ( 6.72)   6.39 ( 6.00)  1.85 (0.36) poly.3  94.52 
344   3.35 (0.18)   3.46 (0.07)  89.68 ( 1.21)  82.34 ( 6.24)  0.35 (0.07) poly.3  60.48 
345   0.15 (0.04)   0.16 (0.02)  99.27 ( 0.61)  15.44 (23.67)  1.12 (0.27) poly.3  97.90 
346   3.01 (0.17)   2.79 (0.07)  98.20 ( 0.33)  95.30 ( 3.12) -0.01 (0.08) poly.3  55.48 
347   0.00 (0.00)   0.00 (0.00)   0.00 ( 0.00)   0.00 ( 0.00)  0.00 (0.00) raw    100.00 
348   0.27 (0.05)   0.23 (0.02)  95.39 ( 2.10)  31.17 (27.39)  1.11 (0.24) poly.3  89.96 
349   0.24 (0.05)   0.22 (0.02)  92.32 ( 2.78)  81.89 (14.01)  0.81 (0.15) poly.2  45.02 
350   0.30 (0.05)   0.31 (0.02)  97.89 ( 0.89)  95.72 ( 4.80)  0.40 (0.12) poly.2  51.96 
351   0.01 (0.01)   0.01 (0.00)  79.06 (29.38)   4.13 ( 3.09)  2.37 (0.43) poly.3  91.56 
352   2.02 (0.14)   2.22 (0.05)  90.05 ( 1.29)  90.25 ( 3.37)  0.36 (0.07) poly.2  57.45 
353   0.01 (0.01)   0.02 (0.01)  88.26 (12.39)   9.44 ( 6.37)  1.92 (0.34) poly.3  90.34 
354   0.02 (0.01)   0.02 (0.01)  84.67 (12.91)  16.10 ( 9.78)  1.83 (0.32) poly.3  83.53 
355   3.01 (0.17)   2.84 (0.06)  97.53 ( 0.42)  95.01 ( 2.89)  0.03 (0.07) poly.3  48.12 
356   0.01 (0.01)   0.02 (0.01)  45.60 (19.25)  13.01 ( 6.28)  2.25 (0.33) poly.3  74.43 
357   0.63 (0.08)   0.76 (0.03)  91.01 ( 1.97)  71.40 (15.81)  0.71 (0.13) poly.3  65.81 
358   0.00 (0.00)   0.00 (0.00)   0.00 ( 0.00)   0.00 ( 0.00)  0.00 (0.00) raw    100.00 
359   0.00 (0.00)   0.00 (0.00)   0.00 ( 0.00)   0.00 ( 0.00)  0.00 (0.00) raw    100.00 
360   0.13 (0.04)   0.19 (0.02)  90.20 ( 4.11)  10.19 (13.15)  1.47 (0.26) poly.3  96.26 
361   0.16 (0.04)   0.16 (0.02)  70.81 ( 7.71)  21.98 (13.33)  1.57 (0.23) poly.3  80.92 
362   4.86 (0.22)   4.50 (0.08)  98.51 ( 0.24)  97.06 ( 1.64) -0.18 (0.06) poly.3  49.11 
363   4.44 (0.21)   4.44 (0.08)  88.51 ( 1.23)  95.07 ( 2.35)  0.10 (0.10) poly.3  57.42 
364   0.00 (0.00)   0.00 (0.00)   0.00 ( 0.00)   0.00 ( 0.00)  0.00 (0.00) raw    100.00 
365   0.30 (0.05)   0.42 (0.03)  92.05 ( 2.59)   3.17 ( 6.19)  1.43 (0.23) poly.3  99.94 
366   0.03 (0.02)   0.05 (0.01)  94.78 ( 4.68)  14.96 (14.61)  1.54 (0.30) poly.3  90.63 
367   0.00 (0.00)   0.00 (0.00)  53.62 (42.95)   5.21 ( 5.80)  2.59 (0.48) poly.3  79.11 
368   0.00 (0.00)   0.00 (0.00)  34.70 (46.87)   2.36 ( 4.40)  2.88 (0.58) poly.3  71.84 
369   5.51 (0.23)   5.74 (0.08)  87.74 ( 0.98)  87.73 ( 1.82)  0.21 (0.03) poly.2  57.61 
370   0.01 (0.01)   0.01 (0.00)  72.34 (21.96)  15.43 ( 8.62)  2.07 (0.35) poly.3  78.24 
371   0.16 (0.04)   0.23 (0.02)  83.14 ( 5.47)   2.03 ( 3.90)  1.71 (0.26) poly.3  99.53 
372   0.42 (0.06)   0.32 (0.02)  80.80 ( 4.24)  71.29 (12.82)  1.00 (0.12) poly.2  46.96 
373   0.00 (0.00)   0.01 (0.00)  34.19 (27.72)   9.71 ( 8.23)  2.53 (0.41) poly.3  67.13 
374   0.00 (0.00)   0.00 (0.00)   0.00 ( 0.00)   0.00 ( 0.00)  0.00 (0.00) raw    100.00 
375   0.17 (0.04)   0.19 (0.02)  95.23 ( 2.39)  24.38 (24.52)  1.21 (0.25) poly.3  91.66 
376   0.00 (0.00)   0.00 (0.00)   4.85 (11.70)   0.71 ( 2.00)  3.40 (0.64) poly.3  51.57 
377  15.42 (0.36)  15.25 (0.13)  72.42 ( 1.18)  71.02 ( 2.64)  0.23 (0.03) poly.2  51.26 
378   0.00 (0.00)   0.00 (0.00)   0.00 ( 0.00)   0.00 ( 0.00)  0.00 (0.00) raw    100.00 
379   0.02 (0.01)   0.07 (0.01)  97.49 ( 2.20)  31.90 (27.68)  1.21 (0.28) poly.3  84.55 
380   0.00 (0.00)   0.00 (0.00)  63.85 (45.99)   3.39 ( 5.19)  2.62 (0.57) poly.3  79.28 
381   0.00 (0.00)   0.00 (0.00)  98.76 ( 1.56)   3.35 ( 4.47)  1.83 (0.50) poly.3  96.58 
382   0.02 (0.01)   0.04 (0.01)  78.26 (13.88)   4.65 ( 2.71)  2.07 (0.33) poly.3  94.74 
383   0.00 (0.00)   0.00 (0.00)   0.00 ( 0.00)   0.00 ( 0.00)  0.00 (0.00) raw    100.00 
384   0.38 (0.06)   0.52 (0.03)  83.64 ( 3.06)  81.64 ( 6.89)  0.81 (0.09) poly.2  55.61 
385   0.31 (0.06)   0.27 (0.02)  97.70 ( 1.25)   2.54 ( 5.89)  1.38 (0.26) poly.3  99.91 
386   0.00 (0.00)   0.00 (0.00)  99.34 ( 1.21)   2.76 ( 3.93)  1.79 (0.45) poly.3  97.79 
387   0.01 (0.01)   0.02 (0.01)  37.67 (15.33)  29.85 (16.12)  2.00 (0.26) poly.2  50.62 
388   0.04 (0.02)   0.04 (0.01)  88.42 ( 9.29)   3.10 ( 2.71)  1.95 (0.32) poly.3  97.24 
389   0.07 (0.03)   0.09 (0.01)  88.62 ( 5.79)  38.64 (21.66)  1.34 (0.25) poly.3  71.04 
390   0.00 (0.00)   0.00 (0.00)   0.00 ( 0.00)   0.00 ( 0.00)  0.00 (0.00) raw    100.00 
391   0.00 (0.00)   0.00 (0.00)   0.00 ( 0.00)   0.00 ( 0.00)  0.00 (0.00) raw    100.00 
392   0.00 (0.00)   0.00 (0.00)   0.00 ( 0.00)   0.00 ( 0.00)  0.00 (0.00) raw    100.00 
393   0.00 (0.00)   0.00 (0.00)   0.00 ( 0.00)   0.00 ( 0.00)  0.00 (0.00) raw    100.00 
394   0.10 (0.03)   0.13 (0.01)  93.22 ( 3.27)  71.45 (21.36)  0.94 (0.19) poly.3  49.81 
395   0.02 (0.01)   0.03 (0.01)  43.06 (14.28)  26.49 (11.95)  1.97 (0.26) poly.3  47.57 
396   0.00 (0.00)   0.00 (0.00)   0.00 ( 0.00)   0.00 ( 0.00)  0.00 (0.00) raw    100.00 
397   0.00 (0.00)   0.00 (0.00)   0.00 ( 0.00)   0.00 ( 0.00)  0.00 (0.00) raw    100.00 
398   0.00 (0.00)   0.00 (0.00)   0.00 ( 0.00)   0.00 ( 0.00)  0.00 (0.00) raw    100.00 
399   0.00 (0.00)   0.00 (0.00)   0.00 ( 0.00)   0.00 ( 0.00)  0.00 (0.00) raw    100.00 
400   0.01 (0.01)   0.02 (0.00)  70.48 (21.85)   8.31 ( 4.32)  2.20 (0.36) poly.3  87.73 
401   0.00 (0.00)   0.00 (0.00)   0.00 ( 0.00)   0.00 ( 0.00)  0.00 (0.00) raw    100.00 
402   0.00 (0.00)   0.00 (0.00)   0.00 ( 0.00)   0.00 ( 0.00)  0.00 (0.00) raw    100.00 
403   0.00 (0.00)   0.00 (0.00)   0.00 ( 0.00)   0.00 ( 0.00)  0.00 (0.00) raw    100.00 
404   0.01 (0.01)   0.03 (0.01)  76.99 (15.00)  14.50 ( 7.71)  1.93 (0.32) poly.3  83.17 
405   0.00 (0.00)   0.00 (0.00)   0.00 ( 0.00)   0.00 ( 0.00)  0.00 (0.00) raw    100.00 
406   0.00 (0.00)   0.00 (0.00)   0.00 ( 0.00)   0.00 ( 0.00)  0.00 (0.00) raw    100.00 
407   0.00 (0.00)   0.00 (0.00)   0.00 ( 0.00)   0.00 ( 0.00)  0.00 (0.00) raw    100.00 
408   0.00 (0.00)   0.00 (0.00)   0.00 ( 0.00)   0.00 ( 0.00)  0.00 (0.00) raw    100.00 
409   0.00 (0.00)   0.00 (0.00)   0.00 ( 0.00)   0.00 ( 0.00)  0.00 (0.00) raw    100.00 
410   0.00 (0.00)   0.02 (0.01)  82.12 (15.57)  14.05 ( 8.11)  1.93 (0.34) poly.3  84.03 
411 100.00 (0.00) 100.00 (0.00) 100.00 ( 0.00) 100.00 ( 0.00)  0.00 (0.00) raw    100.00 
